1 0 55.4 0.1862015944 60.9160240742 0.0015128667 0 0 0 0 0 0 0 0 0 0 0 0 0 0 0 0 0 0 0 0
1 0 22.9 0.0688834864 71.1535269528 0.0020864667 0 0 0 0 0 0 0 0 0 0 0 0 0 0 0 0 0 0 0 0
1 0 39.2 0.0963351515 81.4468681724 0.0040408667 0 0 0 0 0 0 0 0 0 0 0 0 0 0 0 0 0 0 0 0
1 0 22.8 0.0413318031 82.0309566184 0.0005791333 0 0 0 0 0 0 0 0 0 0 0 0 0 0 0 0 0 0 0 0
1 1 34.6 0.0358875608 108.5907136659 0.0009239333 0 0 0 0 0 0 0 0 0 0 0 0 0 0 0 0 0 0 0 0
1 0 37.7 0.1126875747 97.3313376092 0.0127106667 0 0 0 0 0 0 0 0 0 0 0 0 0 0 0 0 0 0 0 0
1 1 20.2 0.1035798328 92.9366660727 0.0039415333 0 0 0 0 0 0 0 0 0 0 0 0 0 0 0 0 0 0 0 0
1 1 20.2 0.0497697588 131.6988175347 0.0015152667 0 0 0 0 0 0 0 0 0 0 0 0 0 0 0 0 0 0 0 0
1 0 20.9 0.0435826725 73.2424579919 0.0004463333 0 0 0 0 0 0 0 0 0 0 0 0 0 0 0 0 0 0 0 0
1 0 20.2 0.0344409753 74.3673433611 0.0012848667 0 0 0 0 0 0 0 0 0 0 0 0 0 0 0 0 0 0 0 0
1 0 23.4 0.0695600791 82.3955036637 0.0016696 0 0 0 0 0 0 0 0 0 0 0 0 0 0 0 0 0 0 0 0
1 0 20.1 0.0547207762 79.1676602709 0.0007178667 0 0 0 0 0 0 0 0 0 0 0 0 0 0 0 0 0 0 0 0
1 0 29.1 0.0317995143 61.2066219312 0.0009345333 0 0 0 0 0 0 0 0 0 0 0 0 0 0 0 0 0 0 0 0
1 1 22.4 0.0686962152 105.1055914693 0.0005128667 0 0 0 0 0 0 0 0 0 0 0 0 0 0 0 0 0 0 0 0
1 0 17.5 0.0395967164 52.3426245475 0.0011568 0 0 0 0 0 0 0 0 0 0 0 0 0 0 0 0 0 0 0 0
1 0 21.2 0.0573014375 76.6322395695 0.0033448667 0 0 0 0 0 0 0 0 0 0 0 0 0 0 0 0 0 0 0 0
1 0 20.9 0.0850960356 58.3964552784 0.0019682 0 0 0 0 0 0 0 0 0 0 0 0 0 0 0 0 0 0 0 0
1 0 39.3 0.0701342667 67.9297321974 0.0009662 1 0 0 0 0 0 0 0 0 0 0 0 0 0 0 0 0 0 0 0
1 0 42.5 0.1021166951 83.6992137991 0.0009232667 1 0 0 0 0 0 0 0 0 0 0 0 0 0 0 0 0 0 0 0
1 1 20 0.0645010533 102.31357483 0.0018679333 1 0 0 0 0 0 0 0 0 0 0 0 0 0 0 0 0 0 0 0
1 1 20.8 0.0324931503 105.7254719458 0.0004827333 1 0 0 0 0 0 0 0 0 0 0 0 0 0 0 0 0 0 0 0
1 0 27.9 0.1285529156 71.0825765523 0.0085075333 1 0 0 0 0 0 0 0 0 0 0 0 0 0 0 0 0 0 0 0
1 1 21.1 0.0457370919 95.2573846437 0.0006242667 1 0 0 0 0 0 0 0 0 0 0 0 0 0 0 0 0 0 0 0
1 0 20.9 0.0415772178 74.5032087074 0.0010054 1 0 0 0 0 0 0 0 0 0 0 0 0 0 0 0 0 0 0 0
1 0 23.6 0.0748019209 70.7626409874 0.0018106667 1 0 0 0 0 0 0 0 0 0 0 0 0 0 0 0 0 0 0 0
1 0 23.9 0.0679282239 65.4327323229 0.0007827333 1 0 0 0 0 0 0 0 0 0 0 0 0 0 0 0 0 0 0 0
1 0 22 0.0362915739 72.0532154011 0.0007759333 1 0 0 0 0 0 0 0 0 0 0 0 0 0 0 0 0 0 0 0
1 0 17 0.0418853037 48.2936977331 0.0010343333 1 0 0 0 0 0 0 0 0 0 0 0 0 0 0 0 0 0 0 0
1 0 23.3 0.0904446466 110.3683924262 0.0014584 1 0 0 0 0 0 0 0 0 0 0 0 0 0 0 0 0 0 0 0
1 0 34.1 0.1132172441 64.9973349585 0.0018363333 1 0 0 0 0 0 0 0 0 0 0 0 0 0 0 0 0 0 0 0
1 0 44.1 0.0709106001 77.7167692553 0.001383 1 0 0 0 0 0 0 0 0 0 0 0 0 0 0 0 0 0 0 0
1 0 56.2 0.0363705217 77.377775363 0.0007226 1 0 0 0 0 0 0 0 0 0 0 0 0 0 0 0 0 0 0 0
1 0 18.7 0.0464336645 70.871319708 0.0007601333 1 0 0 0 0 0 0 0 0 0 0 0 0 0 0 0 0 0 0 0
1 1 29.2 0.0538246955 94.1659107752 0.0010898 1 0 0 0 0 0 0 0 0 0 0 0 0 0 0 0 0 0 0 0
1 0 27 0.2392778821 62.9013137428 0.0011241262 0 1 0 0 0 0 0 0 0 0 0 0 0 0 0 0 0 0 0 0
1 0 22 0.1312002198 79.3280002842 0.0004679583 0 1 0 0 0 0 0 0 0 0 0 0 0 0 0 0 0 0 0 0
1 0 30 0.1877094443 88.5893658024 0.0011465833 0 1 0 0 0 0 0 0 0 0 0 0 0 0 0 0 0 0 0 0
1 1 19 0.2322878428 82.2782118955 0.0018264063 0 1 0 0 0 0 0 0 0 0 0 0 0 0 0 0 0 0 0 0
1 1 31 0.2174664282 95.4844782079 0.0006828438 0 1 0 0 0 0 0 0 0 0 0 0 0 0 0 0 0 0 0 0
1 0 39 0.1988302352 56.7691461244 0.0006390313 0 1 0 0 0 0 0 0 0 0 0 0 0 0 0 0 0 0 0 0
1 0 24 0.2093496567 66.8931558229 0.0044556563 0 1 0 0 0 0 0 0 0 0 0 0 0 0 0 0 0 0 0 0
1 0 21 0.1617063722 55.6210670408 0.00107675 1 1 0 0 0 0 0 0 0 0 0 0 0 0 0 0 0 0 0 0
1 0 27 0.2165577162 45.5977314466 0.0004298438 1 1 0 0 0 0 0 0 0 0 0 0 0 0 0 0 0 0 0 0
1 1 30 0.1143354546 82.5884390062 0.0004729063 1 1 0 0 0 0 0 0 0 0 0 0 0 0 0 0 0 0 0 0
1 0 12.77 0.0720568115 159.0192891946 0.0031673077 1 0 1 0 0 0 0 0 0 0 0 0 0 0 0 0 0 0 0 0
1 0 10.84 0.0550336419 213.7794501283 0.002135641 1 0 1 0 0 0 0 0 0 0 0 0 0 0 0 0 0 0 0 0
1 0 10.64 0.0355590004 195.1690513493 0.000511859 1 0 1 0 0 0 0 0 0 0 0 0 0 0 0 0 0 0 0 0
1 0 11 0.1444878973 204.3061027389 0.0013241026 1 0 1 0 0 0 0 0 0 0 0 0 0 0 0 0 0 0 0 0
1 0 9.3 0.1392438779 192.8687428746 0.0054782692 1 0 1 0 0 0 0 0 0 0 0 0 0 0 0 0 0 0 0 0
1 0 8.39 0.0637256108 236.5289624652 0.0073307051 1 0 1 0 0 0 0 0 0 0 0 0 0 0 0 0 0 0 0 0
1 1 9.73 0.1071567012 218.4811563183 0.0006878205 1 0 1 0 0 0 0 0 0 0 0 0 0 0 0 0 0 0 0 0
1 0 9.41 0.1073435253 289.656515529 0.0047514103 1 0 1 0 0 0 0 0 0 0 0 0 0 0 0 0 0 0 0 0
1 1 9.82 0.0908827585 194.2411744503 0.0015473077 1 0 1 0 0 0 0 0 0 0 0 0 0 0 0 0 0 0 0 0
1 0 9.3 0.1156469326 215.0273466997 0.0034369231 1 0 1 0 0 0 0 0 0 0 0 0 0 0 0 0 0 0 0 0
1 0 10.18 0.1153613221 203.7925993143 0.0124025641 1 0 1 0 0 0 0 0 0 0 0 0 0 0 0 0 0 0 0 0
1 1 10.4 0.048429011 196.894445264 0.0007834615 1 0 1 0 0 0 0 0 0 0 0 0 0 0 0 0 0 0 0 0
1 1 8.07 0.2120776872 264.5046737498 0.0135267308 1 0 1 0 0 0 0 0 0 0 0 0 0 0 0 0 0 0 0 0
1 0 10.37 0.1979619992 285.2356988791 0.0022410256 1 0 1 0 0 0 0 0 0 0 0 0 0 0 0 0 0 0 0 0
1 0 8.75 0.1430365741 190.7278969954 0.0049323077 1 0 1 0 0 0 0 0 0 0 0 0 0 0 0 0 0 0 0 0
1 0 10.82 0.1170869028 222.156657238 0.0040078846 1 0 1 0 0 0 0 0 0 0 0 0 0 0 0 0 0 0 0 0
1 1 10.25 0.0986028624 186.3715599511 0.0071423718 1 0 1 0 0 0 0 0 0 0 0 0 0 0 0 0 0 0 0 0
1 0 9.31 0.1553637465 173.3017269941 0.0019567308 1 0 1 0 0 0 0 0 0 0 0 0 0 0 0 0 0 0 0 0
1 1 8.83 0.0822274206 167.1178296053 0.0018934615 1 0 1 0 0 0 0 0 0 0 0 0 0 0 0 0 0 0 0 0
1 0 10.18 0.0409579177 229.0175468188 0.0014623438 0 0 1 0 0 0 0 0 0 0 0 0 0 0 0 0 0 0 0 0
1 1 8.2 0.1648889443 177.0622573661 0.0047932813 0 0 1 0 0 0 0 0 0 0 0 0 0 0 0 0 0 0 0 0
1 1 8.09 0.1366142272 234.2437357055 0.0085729487 0 0 1 0 0 0 0 0 0 0 0 0 0 0 0 0 0 0 0 0
1 0 12.54 0.2231451012 192.4095248065 0.0028578846 0 0 1 0 0 0 0 0 0 0 0 0 0 0 0 0 0 0 0 0
1 1 10.17 0.1119182831 186.1964907019 0.0023195513 0 0 1 0 0 0 0 0 0 0 0 0 0 0 0 0 0 0 0 0
1 0 11.14 0.0671370182 144.1110884224 0.0006244872 0 0 1 0 0 0 0 0 0 0 0 0 0 0 0 0 0 0 0 0
1 0 11.76 0.1928139406 150.2586336672 0.0049127564 0 0 1 0 0 0 0 0 0 0 0 0 0 0 0 0 0 0 0 0
1 0 11.27 0.2080117469 164.9742834287 0.0075447436 0 0 1 0 0 0 0 0 0 0 0 0 0 0 0 0 0 0 0 0
1 0 8.2 0.0630070693 258.9064055838 0.0019042949 0 0 1 0 0 0 0 0 0 0 0 0 0 0 0 0 0 0 0 0
1 0 8.45 0.0770603078 199.5003789816 0.0008660256 0 0 1 0 0 0 0 0 0 0 0 0 0 0 0 0 0 0 0 0
1 0 8.33 0.1869750947 326.5441020268 0.0038985897 0 0 1 0 0 0 0 0 0 0 0 0 0 0 0 0 0 0 0 0
1 1 9.97 0.0827581421 215.984606877 0.0032533974 1 0 1 0 0 0 0 0 0 0 0 0 0 0 0 0 0 0 0 0
1 0 8.46 0.0585644647 236.6392685479 0.0009600641 1 0 1 0 0 0 0 0 0 0 0 0 0 0 0 0 0 0 0 0
1 0 9.73 0.0901438903 187.2114806659 0.0020685938 1 0 1 0 0 0 0 0 0 0 0 0 0 0 0 0 0 0 0 0
1 0 9.97 0.080759046 202.4530494959 0.0088541406 1 0 1 0 0 0 0 0 0 0 0 0 0 0 0 0 0 0 0 0
1 0 11.79 0.059830826 213.9681360121 0.0007808974 1 0 1 0 0 0 0 0 0 0 0 0 0 0 0 0 0 0 0 0
1 0 9.71 0.0507199633 240.8749675586 0.0008444231 1 0 1 0 0 0 0 0 0 0 0 0 0 0 0 0 0 0 0 0
1 1 8.87 0.0597457513 182.5043243488 0.0053884615 1 0 1 0 0 0 0 0 0 0 0 0 0 0 0 0 0 0 0 0
1 0 11.17 0.179448829 168.7387978769 0.0013514103 1 0 1 0 0 0 0 0 0 0 0 0 0 0 0 0 0 0 0 0
1 0 12.43 0.10674048 197.8948610525 0.0072320513 1 0 1 0 0 0 0 0 0 0 0 0 0 0 0 0 0 0 0 0
1 0 11.37 0.0953818365 192.109369347 0.0035421154 0 0 1 0 0 0 0 0 0 0 0 0 0 0 0 0 0 0 0 0
1 0 10.29 0.0636998662 199.3713773778 0.0006339744 0 0 1 0 0 0 0 0 0 0 0 0 0 0 0 0 0 0 0 0
1 0 8.5 0.0930916552 259.2854714748 0.0066942949 0 0 1 0 0 0 0 0 0 0 0 0 0 0 0 0 0 0 0 0
1 0 23 0.0952601276 123.5930630687 0.00347608 1 0 0 1 0 0 0 0 0 0 0 0 0 0 0 0 0 0 0 0
1 0 24 0.0890810086 153.1813097057 0.00120848 1 0 0 1 0 0 0 0 0 0 0 0 0 0 0 0 0 0 0 0
1 0 23 0.1237963285 129.1414234484 0.00841176 1 0 0 1 0 0 0 0 0 0 0 0 0 0 0 0 0 0 0 0
1 0 19 0.0727452684 157.7360948335 0.00138684 0 0 0 1 0 0 0 0 0 0 0 0 0 0 0 0 0 0 0 0
1 0 22 0.0677983939 120.7735411211 0.0015626 1 0 0 1 0 0 0 0 0 0 0 0 0 0 0 0 0 0 0 0
1 0 21 0.05820904 123.4362646634 0.0004994 1 0 0 1 0 0 0 0 0 0 0 0 0 0 0 0 0 0 0 0
1 0 21 0.039472582 120.5684521379 0.00052452 0 0 0 1 0 0 0 0 0 0 0 0 0 0 0 0 0 0 0 0
1 0 22 0.0831633456 157.0485884458 0.00103468 0 0 0 1 0 0 0 0 0 0 0 0 0 0 0 0 0 0 0 0
1 0 22 0.0752486006 147.3327365746 0.00481172 1 0 0 1 0 0 0 0 0 0 0 0 0 0 0 0 0 0 0 0
1 0 22 0.0371360037 120.0456343153 0.00038784 1 0 0 1 0 0 0 0 0 0 0 0 0 0 0 0 0 0 0 0
1 0 22 0.0474657646 100.866344453 0.0011244 0 0 0 1 0 0 0 0 0 0 0 0 0 0 0 0 0 0 0 0
1 0 19 0.0888943872 123.4865526032 0.0022828 0 0 0 1 0 0 0 0 0 0 0 0 0 0 0 0 0 0 0 0
1 0 19 0.1011241444 138.4328177904 0.00067976 0 0 0 1 0 0 0 0 0 0 0 0 0 0 0 0 0 0 0 0
1 0 20 0.0558431333 135.5473977248 0.00068972 0 0 0 1 0 0 0 0 0 0 0 0 0 0 0 0 0 0 0 0
1 0 19 0.0865652528 135.6643361985 0.00088936 0 0 0 1 0 0 0 0 0 0 0 0 0 0 0 0 0 0 0 0
1 0 28 0.077843815 153.3775121158 0.00281196 1 0 0 1 0 0 0 0 0 0 0 0 0 0 0 0 0 0 0 0
1 0 21 0.0532259458 108.3798372115 0.00462744 1 0 0 1 0 0 0 0 0 0 0 0 0 0 0 0 0 0 0 0
1 0 23 0.1838859197 101.6454481623 0.03396856 0 0 0 1 0 0 0 0 0 0 0 0 0 0 0 0 0 0 0 0
1 0 18 0.1468553423 146.39737846 0.0006396 1 0 0 1 0 0 0 0 0 0 0 0 0 0 0 0 0 0 0 0
1 0 18 0.067988549 143.3341735966 0.00048716 0 0 0 1 0 0 0 0 0 0 0 0 0 0 0 0 0 0 0 0
1 0 29 0.1095218541 123.7003565861 0.00125176 1 0 0 1 0 0 0 0 0 0 0 0 0 0 0 0 0 0 0 0
1 0 29 0.0399983116 152.3027504013 0.00032524 0 0 0 1 0 0 0 0 0 0 0 0 0 0 0 0 0 0 0 0
1 0 24 0.0816523218 115.9975487355 0.00112444 0 0 0 1 0 0 0 0 0 0 0 0 0 0 0 0 0 0 0 0
1 0 22 0.0625779262 113.7168003239 0.00107848 1 0 0 1 0 0 0 0 0 0 0 0 0 0 0 0 0 0 0 0
1 0 22 0.0715797321 156.5020570692 0.00116824 1 0 0 1 0 0 0 0 0 0 0 0 0 0 0 0 0 0 0 0
1 0 32 0.0453221703 141.432763621 0.00030516 0 0 0 1 0 0 0 0 0 0 0 0 0 0 0 0 0 0 0 0
1 0 25 0.0793164853 120.7324777202 0.00134996 1 0 0 1 0 0 0 0 0 0 0 0 0 0 0 0 0 0 0 0
1 0 27 0.0609834322 118.2833168877 0.00053744 1 0 0 1 0 0 0 0 0 0 0 0 0 0 0 0 0 0 0 0
1 0 19 0.0776525812 143.9639787444 0.0005428 0 0 0 1 0 0 0 0 0 0 0 0 0 0 0 0 0 0 0 0
1 1 13.8 0.0648334112 178.5926545814 0.00046608 1 0 0 0 1 0 0 0 0 0 0 0 0 0 0 0 0 0 0 0
1 1 13.8 0.0887715372 167.9464922491 0.00231372 1 0 0 0 1 0 0 0 0 0 0 0 0 0 0 0 0 0 0 0
1 0 15.1 0.0668904969 155.3173807529 0.00047276 1 0 0 0 1 0 0 0 0 0 0 0 0 0 0 0 0 0 0 0
1 0 14.2 0.0938613925 110.3086824151 0.00144736 1 0 0 0 1 0 0 0 0 0 0 0 0 0 0 0 0 0 0 0
1 0 16.6 0.0892125397 112.1708319379 0.00227072 1 0 0 0 1 0 0 0 0 0 0 0 0 0 0 0 0 0 0 0
1 0 15.6 0.0832708672 144.4710631316 0.00297484 1 0 0 0 1 0 0 0 0 0 0 0 0 0 0 0 0 0 0 0
1 1 12.3 0.099686607 174.5229815466 0.00213788 1 0 0 0 1 0 0 0 0 0 0 0 0 0 0 0 0 0 0 0
1 0 16.2 0.0700152781 155.2495336502 0.00217996 1 0 0 0 1 0 0 0 0 0 0 0 0 0 0 0 0 0 0 0
1 0 12.4 0.080553826 140.388254225 0.00160424 1 0 0 0 1 0 0 0 0 0 0 0 0 0 0 0 0 0 0 0
1 0 14.7 0.1069971558 113.9242765546 0.00036504 1 0 0 0 1 0 0 0 0 0 0 0 0 0 0 0 0 0 0 0
1 1 14.3 0.0474218407 182.544959775 0.00064844 1 0 0 0 1 0 0 0 0 0 0 0 0 0 0 0 0 0 0 0
1 1 13.6 0.0701335575 134.382318635 0.00058988 1 0 0 0 1 0 0 0 0 0 0 0 0 0 0 0 0 0 0 0
1 0 12.2 0.1598351998 167.292037367 0.00338584 1 0 0 0 1 0 0 0 0 0 0 0 0 0 0 0 0 0 0 0
1 0 12.8 0.0792104012 177.7222459085 0.0017818 1 0 0 0 1 0 0 0 0 0 0 0 0 0 0 0 0 0 0 0
1 0 15.2 0.0616039583 159.1575766078 0.0008958 1 0 0 0 1 0 0 0 0 0 0 0 0 0 0 0 0 0 0 0
1 0 12.4 0.0998122983 149.1247598437 0.00077172 1 0 0 0 1 0 0 0 0 0 0 0 0 0 0 0 0 0 0 0
1 0 14.2 0.0733344721 128.4983282852 0.00047352 1 0 0 0 1 0 0 0 0 0 0 0 0 0 0 0 0 0 0 0
1 0 16.9 0.1301244752 131.3604342725 0.00103436 1 0 0 0 1 0 0 0 0 0 0 0 0 0 0 0 0 0 0 0
1 1 14.2 0.0815119274 188.8032453553 0.00146916 0 0 0 0 1 0 0 0 0 0 0 0 0 0 0 0 0 0 0 0
1 0 13 0.0597750758 181.5247238504 0.00055184 0 0 0 0 1 0 0 0 0 0 0 0 0 0 0 0 0 0 0 0
1 0 13.8 0.0900871644 96.9873941407 0.00144204 0 0 0 0 1 0 0 0 0 0 0 0 0 0 0 0 0 0 0 0
1 0 14.2 0.1635707589 133.1579147751 0.01285172 0 0 0 0 1 0 0 0 0 0 0 0 0 0 0 0 0 0 0 0
1 0 14.2 0.0793375091 173.2977956296 0.00164024 0 0 0 0 1 0 0 0 0 0 0 0 0 0 0 0 0 0 0 0
1 1 15.3 0.1119483799 148.8868000195 0.00612764 0 0 0 0 1 0 0 0 0 0 0 0 0 0 0 0 0 0 0 0
1 0 16.8 0.2356768606 133.9485967022 0.00482604 0 0 0 0 1 0 0 0 0 0 0 0 0 0 0 0 0 0 0 0
1 0 12.1 0.1860213846 187.6673601021 0.00166852 0 0 0 0 1 0 0 0 0 0 0 0 0 0 0 0 0 0 0 0
1 0 14.7 0.0891565145 190.2544350173 0.0015222 0 0 0 0 1 0 0 0 0 0 0 0 0 0 0 0 0 0 0 0
1 0 14.3 0.0712735621 154.8015671866 0.00119616 0 0 0 0 1 0 0 0 0 0 0 0 0 0 0 0 0 0 0 0
1 0 12.3 0.0516390006 149.9997777559 0.00050748 0 0 0 0 1 0 0 0 0 0 0 0 0 0 0 0 0 0 0 0
1 0 12.2 0.061771817 180.8270492696 0.00102748 0 0 0 0 1 0 0 0 0 0 0 0 0 0 0 0 0 0 0 0
1 0 14.9 0.089723059 126.1150287773 0.00465144 0 0 0 0 1 0 0 0 0 0 0 0 0 0 0 0 0 0 0 0
1 0 14.3 0.1246837776 151.4480514105 0.0057856 0 0 0 0 1 0 0 0 0 0 0 0 0 0 0 0 0 0 0 0
1 0 19 0.0316587444 55.9040399694 0.00040025 0 0 0 0 0 1 0 0 0 0 0 0 0 0 0 0 0 0 0 0
1 0 33 0.0246714027 61.0892726858 0.0013109167 0 0 0 0 0 1 0 0 0 0 0 0 0 0 0 0 0 0 0 0
1 0 31 0.2312357413 57.0747385754 0.0007464167 0 0 0 0 0 1 0 0 0 0 0 0 0 0 0 0 0 0 0 0
1 1 45 0.0507352046 69.1702461267 0.0009431667 0 0 0 0 0 1 0 0 0 0 0 0 0 0 0 0 0 0 0 0
1 0 33 0.0380296875 73.2335033731 0.00044525 1 0 0 0 0 1 0 0 0 0 0 0 0 0 0 0 0 0 0 0
1 0 32 0.0639924434 97.1211357175 0.000956 1 0 0 0 0 1 0 0 0 0 0 0 0 0 0 0 0 0 0 0
1 0 26 0.1260207833 54.0179051024 0.0051554167 1 0 0 0 0 1 0 0 0 0 0 0 0 0 0 0 0 0 0 0
1 0 23 0.104068191 75.7502280833 0.0004791667 1 0 0 0 0 1 0 0 0 0 0 0 0 0 0 0 0 0 0 0
1 0 32 0.1442379897 48.6279781495 0.0025523333 1 0 0 0 0 1 0 0 0 0 0 0 0 0 0 0 0 0 0 0
1 1 32 0.0420211669 48.6877162197 0.0004543333 1 0 0 0 0 1 0 0 0 0 0 0 0 0 0 0 0 0 0 0
1 0 46 0.0215034865 39.602081262 0.0004516667 1 0 0 0 0 1 0 0 0 0 0 0 0 0 0 0 0 0 0 0
1 1 29 0.0482462909 77.4020992947 0.00078375 0 0 0 0 0 1 0 0 0 0 0 0 0 0 0 0 0 0 0 0
1 0 26 0.1689125681 41.857514927 0.0011716667 0 0 0 0 0 1 0 0 0 0 0 0 0 0 0 0 0 0 0 0
1 0 29 0.07795856 47.4221651795 0.0013099167 0 0 0 0 0 1 0 0 0 0 0 0 0 0 0 0 0 0 0 0
1 0 30 0.0220763079 40.8574288504 0.0003985 0 0 0 0 0 1 0 0 0 0 0 0 0 0 0 0 0 0 0 0
1 0 52 0.0757349642 53.0611089326 0.0014396667 0 0 0 0 0 1 0 0 0 0 0 0 0 0 0 0 0 0 0 0
1 1 32 0.037603747 82.2185491621 0.00041925 0 0 0 0 0 1 0 0 0 0 0 0 0 0 0 0 0 0 0 0
1 0 42 0.0879481651 44.1206899343 0.0005265833 0 0 0 0 0 1 0 0 0 0 0 0 0 0 0 0 0 0 0 0
1 0 58 0.0619587253 54.5381454178 0.0007531667 0 0 0 0 0 1 0 0 0 0 0 0 0 0 0 0 0 0 0 0
1 0 22 0.0584237666 42.1972796713 0.0018430833 0 0 0 0 0 1 0 0 0 0 0 0 0 0 0 0 0 0 0 0
1 0 23 0.0644254626 52.9171216373 0.0021743333 1 0 0 0 0 1 0 0 0 0 0 0 0 0 0 0 0 0 0 0
1 0 24 0.0845197257 44.079288428 0.000564 1 0 0 0 0 1 0 0 0 0 0 0 0 0 0 0 0 0 0 0
1 0 27 0.0918652003 55.8563851343 0.0015099167 1 0 0 0 0 1 0 0 0 0 0 0 0 0 0 0 0 0 0 0
1 0 23 0.0430239119 58.2747759723 0.0004445833 1 0 0 0 0 1 0 0 0 0 0 0 0 0 0 0 0 0 0 0
1 0 26 0.1710863903 52.5400370553 0.00125225 1 0 0 0 0 1 0 0 0 0 0 0 0 0 0 0 0 0 0 0
1 0 30 0.0536483823 45.1998496854 0.00086725 1 0 0 0 0 1 0 0 0 0 0 0 0 0 0 0 0 0 0 0
1 0 29 0.0674524921 67.2100572291 0.0007381667 1 0 0 0 0 1 0 0 0 0 0 0 0 0 0 0 0 0 0 0
1 0 29 0.0457689485 53.487334409 0.000519 1 0 0 0 0 1 0 0 0 0 0 0 0 0 0 0 0 0 0 0
1 0 23 0.0566927863 49.6926695751 0.0008401667 1 0 0 0 0 1 0 0 0 0 0 0 0 0 0 0 0 0 0 0
1 0 30 0.0737961414 71.2445096858 0.001144 1 0 0 0 0 1 0 0 0 0 0 0 0 0 0 0 0 0 0 0
1 0 22 0.0892861573 45.6068344701 0.0022554167 1 0 0 0 0 1 0 0 0 0 0 0 0 0 0 0 0 0 0 0
1 0 35 0.0335462208 51.9833097857 0.00041575 1 0 0 0 0 1 0 0 0 0 0 0 0 0 0 0 0 0 0 0
1 0 25 0.0618951958 48.8660408681 0.0011075833 1 0 0 0 0 1 0 0 0 0 0 0 0 0 0 0 0 0 0 0
1 0 24 0.035295468 53.3279258851 0.0004120833 1 0 0 0 0 1 0 0 0 0 0 0 0 0 0 0 0 0 0 0
1 0 8 0.2125692153 118.1053142778 0.0032103333 0 0 0 0 0 1 0 0 0 0 0 0 0 0 0 0 0 0 0 0
1 0 18 0.1522773496 45.9400672485 0.0008633 0 0 0 0 0 1 0 0 0 0 0 0 0 0 0 0 0 0 0 0
1 0 45 0.1470983668 51.9049532988 0.00078895 0 0 0 0 0 1 0 0 0 0 0 0 0 0 0 0 0 0 0 0
1 0 35 0.1156980422 61.2968618447 0.0039528 0 0 0 0 0 1 0 0 0 0 0 0 0 0 0 0 0 0 0 0
1 0 11 0.133192065 80.349008565 0.00171095 0 0 0 0 0 1 0 0 0 0 0 0 0 0 0 0 0 0 0 0
1 0 11 0.1048756019 77.3624200328 0.0008652 0 0 0 0 0 1 0 0 0 0 0 0 0 0 0 0 0 0 0 0
1 0 12 0.2381264287 64.6503952463 0.0126778 0 0 0 0 0 1 0 0 0 0 0 0 0 0 0 0 0 0 0 0
1 0 11 0.1757846313 94.126663345 0.00387045 0 0 0 0 0 1 0 0 0 0 0 0 0 0 0 0 0 0 0 0
1 0 10 0.0940183017 72.2567464778 0.0154226 1 0 0 0 0 1 0 0 0 0 0 0 0 0 0 0 0 0 0 0
1 0 11 0.039528423 79.2163676219 0.0043774 1 0 0 0 0 1 0 0 0 0 0 0 0 0 0 0 0 0 0 0
1 0 7 0.1050580342 64.9470924042 0.00119375 1 0 0 0 0 1 0 0 0 0 0 0 0 0 0 0 0 0 0 0
1 1 14.75 0.0325143472 163.0263053827 0.0064352222 0 0 0 0 0 0 1 0 0 0 0 0 0 0 0 0 0 0 0 0
1 1 12.64 0.0897271827 122.7004106212 0.0064045556 0 0 0 0 0 0 1 0 0 0 0 0 0 0 0 0 0 0 0 0
1 1 14.06 0.0336093668 137.1930068453 0.0064948889 0 0 0 0 0 0 1 0 0 0 0 0 0 0 0 0 0 0 0 0
1 1 14.75 0.1249913887 121.4877690897 0.0089462222 0 0 0 0 0 0 1 0 0 0 0 0 0 0 0 0 0 0 0 0
1 1 10.23 0.0818745177 125.7601133776 0.0076336667 0 0 0 0 0 0 1 0 0 0 0 0 0 0 0 0 0 0 0 0
1 1 22.81 0.0354118589 113.9125492663 0.0058105 0 0 0 0 0 0 1 0 0 0 0 0 0 0 0 0 0 0 0 0
1 1 38.76 0.0810119318 84.6089227955 0.0069063333 0 0 0 0 0 0 1 0 0 0 0 0 0 0 0 0 0 0 0 0
1 1 25.02 0.0570946066 133.5593851989 0.0063925556 0 0 0 0 0 0 1 0 0 0 0 0 0 0 0 0 0 0 0 0
1 1 24.41 0.0454493427 133.0649911683 0.0076742222 0 0 0 0 0 0 1 0 0 0 0 0 0 0 0 0 0 0 0 0
1 0 12.75 0.0854908734 135.9257252915 0.0068324444 0 0 0 0 0 0 1 0 0 0 0 0 0 0 0 0 0 0 0 0
1 0 9.25 0.1110808926 134.3003112434 0.0064880556 0 0 0 0 0 0 1 0 0 0 0 0 0 0 0 0 0 0 0 0
1 0 15.14 0.036640721 77.1999543246 0.0060885556 0 0 0 0 0 0 1 0 0 0 0 0 0 0 0 0 0 0 0 0
1 0 9.74 0.0892330381 153.2891407782 0.007355 0 0 0 0 0 0 1 0 0 0 0 0 0 0 0 0 0 0 0 0
1 0 9.95 0.0367919812 134.305335058 0.0059393333 0 0 0 0 0 0 1 0 0 0 0 0 0 0 0 0 0 0 0 0
1 0 7.61 0.1387885396 162.5835849974 0.0066417222 0 0 0 0 0 0 1 0 0 0 0 0 0 0 0 0 0 0 0 0
1 0 8.9 0.0370731675 116.5286242696 0.0065137778 0 0 0 0 0 0 1 0 0 0 0 0 0 0 0 0 0 0 0 0
1 0 13.95 0.089424964 81.5653013583 0.0101398889 0 0 0 0 0 0 1 0 0 0 0 0 0 0 0 0 0 0 0 0
1 0 17.88 0.0536008612 112.7629893496 0.0062558889 0 0 0 0 0 0 1 0 0 0 0 0 0 0 0 0 0 0 0 0
1 0 11.56 0.0443430682 114.0558610249 0.006256 0 0 0 0 0 0 1 0 0 0 0 0 0 0 0 0 0 0 0 0
1 0 14.65 0.0746069509 105.4039153864 0.0062056667 0 0 0 0 0 0 1 0 0 0 0 0 0 0 0 0 0 0 0 0
1 0 7.13 0.0499876783 112.679233896 0.0064363889 0 0 0 0 0 0 1 0 0 0 0 0 0 0 0 0 0 0 0 0
1 0 9.58 0.0301184656 142.0363482872 0.0062531111 0 0 0 0 0 0 1 0 0 0 0 0 0 0 0 0 0 0 0 0
1 0 9.37 0.1757805414 107.7384320187 0.012907 0 0 0 0 0 0 1 0 0 0 0 0 0 0 0 0 0 0 0 0
1 0 12.96 0.0734356056 132.5502648253 0.0066376111 0 0 0 0 0 0 1 0 0 0 0 0 0 0 0 0 0 0 0 0
1 0 9.46 0.0315260914 132.844451741 0.006362 0 0 0 0 0 0 1 0 0 0 0 0 0 0 0 0 0 0 0 0
1 0 10.48 0.0896981833 127.1228410602 0.0055805556 0 0 0 0 0 0 1 0 0 0 0 0 0 0 0 0 0 0 0 0
1 0 13.2 0.1909341352 121.2835579578 0.0081449444 0 0 0 0 0 0 1 0 0 0 0 0 0 0 0 0 0 0 0 0
1 0 13.09 0.0508660769 124.8730553574 0.0064342778 0 0 0 0 0 0 1 0 0 0 0 0 0 0 0 0 0 0 0 0
1 0 8.53 0.0606959987 152.1012597914 0.0061127222 0 0 0 0 0 0 1 0 0 0 0 0 0 0 0 0 0 0 0 0
1 0 8.56 0.0975560283 120.9052748185 0.0064953333 0 0 0 0 0 0 1 0 0 0 0 0 0 0 0 0 0 0 0 0
1 0 14.21 0.0355119788 139.133659228 0.0066473333 0 0 0 0 0 0 1 0 0 0 0 0 0 0 0 0 0 0 0 0
1 0 9.78 0.0678401483 147.3863355299 0.0071437222 0 0 0 0 0 0 1 0 0 0 0 0 0 0 0 0 0 0 0 0
1 0 13.71 0.0660113872 83.3873369726 0.0065941111 0 0 0 0 0 0 1 0 0 0 0 0 0 0 0 0 0 0 0 0
1 0 10.9 0.0448547132 139.5688890042 0.0063791667 0 0 0 0 0 0 1 0 0 0 0 0 0 0 0 0 0 0 0 0
1 0 10.66 0.0889344947 139.7731123392 0.0077093333 0 0 0 0 0 0 1 0 0 0 0 0 0 0 0 0 0 0 0 0
1 0 10.87 0.0940610311 134.2680631995 0.0087323889 0 0 0 0 0 0 1 0 0 0 0 0 0 0 0 0 0 0 0 0
1 0 15.66 0.0298932373 106.4159344733 0.0061882222 0 0 0 0 0 0 1 0 0 0 0 0 0 0 0 0 0 0 0 0
1 0 16.74 0.0884394843 103.1701641934 0.0066235 0 0 0 0 0 0 1 0 0 0 0 0 0 0 0 0 0 0 0 0
1 0 15.81 0.0531548557 105.8651826731 0.0054186667 0 0 0 0 0 0 1 0 0 0 0 0 0 0 0 0 0 0 0 0
1 0 16.27 0.1530317384 98.0528629556 0.0078477778 0 0 0 0 0 0 1 0 0 0 0 0 0 0 0 0 0 0 0 0
1 0 13.04 0.1079670691 132.283468306 0.0071101111 0 0 0 0 0 0 1 0 0 0 0 0 0 0 0 0 0 0 0 0
1 0 14.53 0.0760885748 114.0738961444 0.0062634444 0 0 0 0 0 0 1 0 0 0 0 0 0 0 0 0 0 0 0 0
1 0 13.33 0.1008784696 108.3151999082 0.0071992222 0 0 0 0 0 0 1 0 0 0 0 0 0 0 0 0 0 0 0 0
1 0 10.71 0.1268449328 143.3881614698 0.0072382778 0 0 0 0 0 0 1 0 0 0 0 0 0 0 0 0 0 0 0 0
1 0 7.228 0.1019173857 99.8837377908 0.0118795556 0 0 0 0 0 0 1 0 0 0 0 0 0 0 0 0 0 0 0 0
1 0 8.51 0.0647123452 136.8013364814 0.0074103333 0 0 0 0 0 0 1 0 0 0 0 0 0 0 0 0 0 0 0 0
1 0 11.11 0.0422179437 130.9931241827 0.0065012778 0 0 0 0 0 0 1 0 0 0 0 0 0 0 0 0 0 0 0 0
1 0 11.92 0.0666752323 136.0926058893 0.0068773333 0 0 0 0 0 0 1 0 0 0 0 0 0 0 0 0 0 0 0 0
1 0 12.37 0.0919825261 108.0179952907 0.0060732222 0 0 0 0 0 0 1 0 0 0 0 0 0 0 0 0 0 0 0 0
1 0 11.03 0.0997124123 115.7865418339 0.0084979444 0 0 0 0 0 0 1 0 0 0 0 0 0 0 0 0 0 0 0 0
1 0 8.53 0.0670276731 129.2829635583 0.0064412778 0 0 0 0 0 0 1 0 0 0 0 0 0 0 0 0 0 0 0 0
1 0 8.79 0.1899903095 146.3015710848 0.0137006667 0 0 0 0 0 0 1 0 0 0 0 0 0 0 0 0 0 0 0 0
1 0 9.79 0.1624530533 136.9493286337 0.0074411667 0 0 0 0 0 0 1 0 0 0 0 0 0 0 0 0 0 0 0 0
1 0 7.15 0.1190914314 132.8540672817 0.0063220556 0 0 0 0 0 0 1 0 0 0 0 0 0 0 0 0 0 0 0 0
1 0 11.005 0.0392469018 141.708496612 0.0064656111 0 0 0 0 0 0 1 0 0 0 0 0 0 0 0 0 0 0 0 0
1 0 29.98 0.0377327734 85.8560704401 0.0066383333 0 0 0 0 0 0 1 0 0 0 0 0 0 0 0 0 0 0 0 0
1 0 22.99 0.0252255266 79.0189166681 0.006312 0 0 0 0 0 0 1 0 0 0 0 0 0 0 0 0 0 0 0 0
1 0 22.04 0.0613458101 87.1231291555 0.0053694444 0 0 0 0 0 0 1 0 0 0 0 0 0 0 0 0 0 0 0 0
1 0 20.25 0.0409004375 95.9424830753 0.0059984444 0 0 0 0 0 0 1 0 0 0 0 0 0 0 0 0 0 0 0 0
1 0 22.29 0.0344321776 103.4682116075 0.006418 0 0 0 0 0 0 1 0 0 0 0 0 0 0 0 0 0 0 0 0
1 0 28.58 0.0779264026 79.1353293696 0.0064337222 0 0 0 0 0 0 1 0 0 0 0 0 0 0 0 0 0 0 0 0
1 0 23.66 0.0848770744 91.4758763338 0.0070834444 0 0 0 0 0 0 1 0 0 0 0 0 0 0 0 0 0 0 0 0
1 0 20.62 0.0385571762 95.4072829594 0.0059927778 0 0 0 0 0 0 1 0 0 0 0 0 0 0 0 0 0 0 0 0
1 0 39.1 0.0366490587 89.3036307662 0.0056442778 0 0 0 0 0 0 1 0 0 0 0 0 0 0 0 0 0 0 0 0
1 0 19.64 0.040215755 71.3217825569 0.0061470556 0 0 0 0 0 0 1 0 0 0 0 0 0 0 0 0 0 0 0 0
1 0 18.58 0.0295316742 84.6947615923 0.0055888333 0 0 0 0 0 0 1 0 0 0 0 0 0 0 0 0 0 0 0 0
1 0 22.98 0.0342509989 113.5599716382 0.0062992222 0 0 0 0 0 0 1 0 0 0 0 0 0 0 0 0 0 0 0 0
1 0 29.18 0.0255498234 71.7095179899 0.0059032778 0 0 0 0 0 0 1 0 0 0 0 0 0 0 0 0 0 0 0 0
1 0 26.516 0.0705406824 104.7870737984 0.0063624444 0 0 0 0 0 0 1 0 0 0 0 0 0 0 0 0 0 0 0 0
1 0 7.15 0.114858219 130.7828285752 0.0127446111 0 0 0 0 0 0 1 0 0 0 0 0 0 0 0 0 0 0 0 0
1 0 9.98 0.1839758968 134.6435425581 0.0073841111 0 0 0 0 0 0 1 0 0 0 0 0 0 0 0 0 0 0 0 0
1 0 10.65 0.0927398553 137.5473182198 0.0065343889 0 0 0 0 0 0 1 0 0 0 0 0 0 0 0 0 0 0 0 0
1 0 10.27 0.1644861738 165.3108704311 0.0122640556 0 0 0 0 0 0 1 0 0 0 0 0 0 0 0 0 0 0 0 0
1 1 8.04 0.053537948 174.4333006085 0.0061503333 1 0 0 0 0 0 1 0 0 0 0 0 0 0 0 0 0 0 0 0
1 1 8.26 0.0330913643 158.1945182073 0.0063984444 1 0 0 0 0 0 1 0 0 0 0 0 0 0 0 0 0 0 0 0
1 1 8.5 0.0441948323 149.9364312919 0.0062616667 1 0 0 0 0 0 1 0 0 0 0 0 0 0 0 0 0 0 0 0
1 1 8.52 0.0212546229 157.9971668597 0.0063697778 1 0 0 0 0 0 1 0 0 0 0 0 0 0 0 0 0 0 0 0
1 1 8.9 0.0312612361 149.2998257205 0.006582 1 0 0 0 0 0 1 0 0 0 0 0 0 0 0 0 0 0 0 0
1 1 8.91 0.0876996277 177.1955496116 0.0060003333 1 0 0 0 0 0 1 0 0 0 0 0 0 0 0 0 0 0 0 0
1 1 10.86 0.0572599899 145.0815227389 0.0071604444 1 0 0 0 0 0 1 0 0 0 0 0 0 0 0 0 0 0 0 0
1 1 11.56 0.0788712699 128.8972449647 0.0065171111 1 0 0 0 0 0 1 0 0 0 0 0 0 0 0 0 0 0 0 0
1 1 11.56 0.0476712056 121.3706975921 0.0064058889 1 0 0 0 0 0 1 0 0 0 0 0 0 0 0 0 0 0 0 0
1 1 12.1 0.0311921563 137.6695898781 0.0062516667 1 0 0 0 0 0 1 0 0 0 0 0 0 0 0 0 0 0 0 0
1 1 12.44 0.0390328368 122.9235881852 0.0063678889 1 0 0 0 0 0 1 0 0 0 0 0 0 0 0 0 0 0 0 0
1 1 13.22 0.0311857077 113.1094693867 0.0064622222 1 0 0 0 0 0 1 0 0 0 0 0 0 0 0 0 0 0 0 0
1 1 13.25 0.0340263213 95.2948137859 0.0064096111 1 0 0 0 0 0 1 0 0 0 0 0 0 0 0 0 0 0 0 0
1 1 14.06 0.049028878 113.1788592033 0.0063042222 1 0 0 0 0 0 1 0 0 0 0 0 0 0 0 0 0 0 0 0
1 1 14.18 0.0386958959 113.5199880025 0.0072801111 1 0 0 0 0 0 1 0 0 0 0 0 0 0 0 0 0 0 0 0
1 1 14.38 0.0411648891 114.0927170941 0.0062690556 1 0 0 0 0 0 1 0 0 0 0 0 0 0 0 0 0 0 0 0
1 1 14.42 0.0694368926 93.4254770662 0.0059922778 1 0 0 0 0 0 1 0 0 0 0 0 0 0 0 0 0 0 0 0
1 1 15.95 0.0381833549 111.0858741096 0.0061388889 1 0 0 0 0 0 1 0 0 0 0 0 0 0 0 0 0 0 0 0
1 1 17.31 0.0161171065 123.2741362568 0.0060841667 1 0 0 0 0 0 1 0 0 0 0 0 0 0 0 0 0 0 0 0
1 1 21.58 0.0230948929 127.9870023375 0.0062238889 1 0 0 0 0 0 1 0 0 0 0 0 0 0 0 0 0 0 0 0
1 1 22.11 0.0333166135 133.5750972415 0.0060150556 1 0 0 0 0 0 1 0 0 0 0 0 0 0 0 0 0 0 0 0
1 1 22.76 0.0313396042 115.8994639614 0.006187 1 0 0 0 0 0 1 0 0 0 0 0 0 0 0 0 0 0 0 0
1 1 22.74 0.1015134331 107.7976423273 0.0065232222 1 0 0 0 0 0 1 0 0 0 0 0 0 0 0 0 0 0 0 0
1 1 27.03 0.0223012531 109.7643171457 0.0065423889 1 0 0 0 0 0 1 0 0 0 0 0 0 0 0 0 0 0 0 0
1 1 27.76 0.0436416585 139.1809299911 0.0066655556 1 0 0 0 0 0 1 0 0 0 0 0 0 0 0 0 0 0 0 0
1 1 29.13 0.0345029405 90.4661999846 0.0067443333 1 0 0 0 0 0 1 0 0 0 0 0 0 0 0 0 0 0 0 0
1 0 7.26 0.0452675816 146.4516964056 0.0064568333 1 0 0 0 0 0 1 0 0 0 0 0 0 0 0 0 0 0 0 0
1 0 10.52 0.0706369177 110.697862812 0.0058541667 1 0 0 0 0 0 1 0 0 0 0 0 0 0 0 0 0 0 0 0
1 0 18.59 0.0572455082 94.206172814 0.0058059444 1 0 0 0 0 0 1 0 0 0 0 0 0 0 0 0 0 0 0 0
1 0 23.65 0.043603068 70.2175162097 0.0060190556 1 0 0 0 0 0 1 0 0 0 0 0 0 0 0 0 0 0 0 0
1 0 31.78 0.0631360023 73.4202862976 0.0066756111 1 0 0 0 0 0 1 0 0 0 0 0 0 0 0 0 0 0 0 0
1 0 8.15 0.0270431968 141.0992053926 0.0061058889 1 0 0 0 0 0 1 0 0 0 0 0 0 0 0 0 0 0 0 0
1 0 7.29 0.0694584774 139.2786233478 0.0066072222 1 0 0 0 0 0 1 0 0 0 0 0 0 0 0 0 0 0 0 0
1 0 10.69 0.0473618573 135.919013004 0.0065162222 1 0 0 0 0 0 1 0 0 0 0 0 0 0 0 0 0 0 0 0
1 0 11.91 0.0348287061 72.7047430139 0.0061043333 1 0 0 0 0 0 1 0 0 0 0 0 0 0 0 0 0 0 0 0
1 0 12.49 0.0798692294 105.7237051412 0.0063441111 1 0 0 0 0 0 1 0 0 0 0 0 0 0 0 0 0 0 0 0
1 0 12.81 0.0289910708 102.8247464792 0.0062801667 1 0 0 0 0 0 1 0 0 0 0 0 0 0 0 0 0 0 0 0
1 0 14.2 0.0537673424 106.0629312725 0.0059551667 1 0 0 0 0 0 1 0 0 0 0 0 0 0 0 0 0 0 0 0
1 0 16.93 0.0273571018 81.8720224456 0.0056926667 1 0 0 0 0 0 1 0 0 0 0 0 0 0 0 0 0 0 0 0
1 0 17.3 0.1895818983 101.1497515479 0.0099465 1 0 0 0 0 0 1 0 0 0 0 0 0 0 0 0 0 0 0 0
1 0 6.47 0.0531895439 133.3703924298 0.007421 1 0 0 0 0 0 1 0 0 0 0 0 0 0 0 0 0 0 0 0
1 0 7.19 0.0851000314 132.2992658346 0.0075011111 1 0 0 0 0 0 1 0 0 0 0 0 0 0 0 0 0 0 0 0
1 0 8.01 0.0381331032 101.0761251537 0.0065785556 1 0 0 0 0 0 1 0 0 0 0 0 0 0 0 0 0 0 0 0
1 0 8.82 0.0251127323 145.2619631073 0.0060803333 1 0 0 0 0 0 1 0 0 0 0 0 0 0 0 0 0 0 0 0
1 0 8.88 0.0975685762 119.7164269098 0.0069563333 1 0 0 0 0 0 1 0 0 0 0 0 0 0 0 0 0 0 0 0
1 0 8.93 0.0709534605 109.4374183747 0.0068161111 1 0 0 0 0 0 1 0 0 0 0 0 0 0 0 0 0 0 0 0
1 0 9.23 0.0851070069 145.2305064036 0.0071732778 1 0 0 0 0 0 1 0 0 0 0 0 0 0 0 0 0 0 0 0
1 0 9.81 0.0478370306 145.3220443563 0.0063638889 1 0 0 0 0 0 1 0 0 0 0 0 0 0 0 0 0 0 0 0
1 0 10.46 0.0478035768 136.7633945988 0.0066813333 1 0 0 0 0 0 1 0 0 0 0 0 0 0 0 0 0 0 0 0
1 0 10.52 0.1206240754 122.9913409907 0.0076671667 1 0 0 0 0 0 1 0 0 0 0 0 0 0 0 0 0 0 0 0
1 0 10.73 0.0440091915 149.2519674882 0.0062643333 1 0 0 0 0 0 1 0 0 0 0 0 0 0 0 0 0 0 0 0
1 0 10.76 0.0767718327 150.1353857833 0.0061902778 1 0 0 0 0 0 1 0 0 0 0 0 0 0 0 0 0 0 0 0
1 0 11.03 0.0372375192 158.5616757996 0.0062736111 1 0 0 0 0 0 1 0 0 0 0 0 0 0 0 0 0 0 0 0
1 0 11.32 0.0677728262 128.4187167824 0.0061711111 1 0 0 0 0 0 1 0 0 0 0 0 0 0 0 0 0 0 0 0
1 0 11.69 0.0592187022 153.8764995157 0.0063843889 1 0 0 0 0 0 1 0 0 0 0 0 0 0 0 0 0 0 0 0
1 0 12.1 0.0948304144 108.9656579295 0.0067478889 1 0 0 0 0 0 1 0 0 0 0 0 0 0 0 0 0 0 0 0
1 0 12.23 0.1419271174 152.1460559028 0.0068757222 1 0 0 0 0 0 1 0 0 0 0 0 0 0 0 0 0 0 0 0
1 0 13.18 0.0253716619 96.2012569603 0.0060048889 1 0 0 0 0 0 1 0 0 0 0 0 0 0 0 0 0 0 0 0
1 0 13.583 0.0497588736 99.2389871984 0.0065475556 1 0 0 0 0 0 1 0 0 0 0 0 0 0 0 0 0 0 0 0
1 0 13.628 0.0511808611 98.7472907613 0.0060162222 1 0 0 0 0 0 1 0 0 0 0 0 0 0 0 0 0 0 0 0
1 0 13.72 0.0428363666 94.1950720435 0.0055496111 1 0 0 0 0 0 1 0 0 0 0 0 0 0 0 0 0 0 0 0
1 0 14.36 0.0571858186 109.6097509192 0.0061597222 1 0 0 0 0 0 1 0 0 0 0 0 0 0 0 0 0 0 0 0
1 0 14.425 0.0911379993 84.6806531649 0.0066941667 1 0 0 0 0 0 1 0 0 0 0 0 0 0 0 0 0 0 0 0
1 0 14.653 0.0897834659 118.7834843313 0.0067404444 1 0 0 0 0 0 1 0 0 0 0 0 0 0 0 0 0 0 0 0
1 0 14.66 0.0728397562 103.8751862686 0.0114026667 1 0 0 0 0 0 1 0 0 0 0 0 0 0 0 0 0 0 0 0
1 0 15.27 0.0412830992 76.0772800232 0.0055951111 1 0 0 0 0 0 1 0 0 0 0 0 0 0 0 0 0 0 0 0
1 0 15.284 0.025919197 95.1889767145 0.0060612778 1 0 0 0 0 0 1 0 0 0 0 0 0 0 0 0 0 0 0 0
1 0 15.42 0.0369307509 97.3522419423 0.0059373889 1 0 0 0 0 0 1 0 0 0 0 0 0 0 0 0 0 0 0 0
1 0 15.53 0.0348723828 105.1851452806 0.0061843333 1 0 0 0 0 0 1 0 0 0 0 0 0 0 0 0 0 0 0 0
1 0 16.13 0.0790389168 88.7158820788 0.0068309444 1 0 0 0 0 0 1 0 0 0 0 0 0 0 0 0 0 0 0 0
1 0 16.28 0.0429179136 84.4428658877 0.0063794444 1 0 0 0 0 0 1 0 0 0 0 0 0 0 0 0 0 0 0 0
1 0 16.55 0.037453664 80.0408843476 0.0057750556 1 0 0 0 0 0 1 0 0 0 0 0 0 0 0 0 0 0 0 0
1 0 19.228 0.0474193773 112.9857136362 0.0063538889 1 0 0 0 0 0 1 0 0 0 0 0 0 0 0 0 0 0 0 0
1 0 22.38 0.0339015398 77.9815745562 0.0059714444 1 0 0 0 0 0 1 0 0 0 0 0 0 0 0 0 0 0 0 0
1 0 22.48 0.0368026756 89.7160416815 0.0060991667 1 0 0 0 0 0 1 0 0 0 0 0 0 0 0 0 0 0 0 0
1 0 25.34 0.0374164946 110.112724431 0.0064252778 1 0 0 0 0 0 1 0 0 0 0 0 0 0 0 0 0 0 0 0
1 0 28.203 0.0357093783 122.5856862145 0.0062968889 1 0 0 0 0 0 1 0 0 0 0 0 0 0 0 0 0 0 0 0
1 0 29.02 0.0529846877 107.439168981 0.0086872222 1 0 0 0 0 0 1 0 0 0 0 0 0 0 0 0 0 0 0 0
1 0 10.74 0.0383245723 136.7060120601 0.0065425556 1 0 0 0 0 0 1 0 0 0 0 0 0 0 0 0 0 0 0 0
1 0 11.92 0.0938325036 98.9408851915 0.0060504444 1 0 0 0 0 0 1 0 0 0 0 0 0 0 0 0 0 0 0 0
1 0 12.07 0.1126807042 189.1032010685 0.0062231111 1 0 0 0 0 0 1 0 0 0 0 0 0 0 0 0 0 0 0 0
1 0 12.67 0.0268966375 108.6651497315 0.0063568333 1 0 0 0 0 0 1 0 0 0 0 0 0 0 0 0 0 0 0 0
1 0 16.31 0.0404214956 127.3277853628 0.0055563333 1 0 0 0 0 0 1 0 0 0 0 0 0 0 0 0 0 0 0 0
1 0 16.55 0.2255591566 105.6361883351 0.0094932222 1 0 0 0 0 0 1 0 0 0 0 0 0 0 0 0 0 0 0 0
1 0 16.88 0.0257168348 79.1470712869 0.0058317778 1 0 0 0 0 0 1 0 0 0 0 0 0 0 0 0 0 0 0 0
1 0 17.7 0.0477567166 78.6664620882 0.0060057778 1 0 0 0 0 0 1 0 0 0 0 0 0 0 0 0 0 0 0 0
1 0 19.13 0.0753975351 84.4709359991 0.0051306111 1 0 0 0 0 0 1 0 0 0 0 0 0 0 0 0 0 0 0 0
1 0 19.73 0.0328269334 78.2964101118 0.0062174444 1 0 0 0 0 0 1 0 0 0 0 0 0 0 0 0 0 0 0 0
1 0 20.02 0.0261974736 70.6149740703 0.0062243889 1 0 0 0 0 0 1 0 0 0 0 0 0 0 0 0 0 0 0 0
1 0 20.04 0.0492660521 66.8609933667 0.0062302222 1 0 0 0 0 0 1 0 0 0 0 0 0 0 0 0 0 0 0 0
1 0 20.3 0.0420646403 63.6089578395 0.0062396667 1 0 0 0 0 0 1 0 0 0 0 0 0 0 0 0 0 0 0 0
1 0 20.56 0.0942693452 102.1965898792 0.0068407778 1 0 0 0 0 0 1 0 0 0 0 0 0 0 0 0 0 0 0 0
1 0 22.77 0.1259249417 72.8735713422 0.0063762778 1 0 0 0 0 0 1 0 0 0 0 0 0 0 0 0 0 0 0 0
1 0 23.08 0.0451036648 91.1327781112 0.0061420556 1 0 0 0 0 0 1 0 0 0 0 0 0 0 0 0 0 0 0 0
1 0 23.35 0.045205088 93.0154314936 0.0061220556 1 0 0 0 0 0 1 0 0 0 0 0 0 0 0 0 0 0 0 0
1 0 26.17 0.045803022 111.9124908317 0.0058835556 1 0 0 0 0 0 1 0 0 0 0 0 0 0 0 0 0 0 0 0
1 0 30.08 0.0520910788 74.9303437657 0.0062153333 1 0 0 0 0 0 1 0 0 0 0 0 0 0 0 0 0 0 0 0
1 0 30.78 0.0433187811 68.4291047484 0.0060117778 1 0 0 0 0 0 1 0 0 0 0 0 0 0 0 0 0 0 0 0
1 0 21.15 0.1007146113 89.5550228272 0.0071913889 1 0 0 0 0 0 1 0 0 0 0 0 0 0 0 0 0 0 0 0
1 0 13.99 0.0479706613 137.0596027216 0.0010826829 0 0 0 0 0 0 0 1 0 0 0 0 0 0 0 0 0 0 0 0
1 0 13.79 0.0516191195 108.4764127937 0.0019702439 0 0 0 0 0 0 0 1 0 0 0 0 0 0 0 0 0 0 0 0
1 0 10.22 0.0599301444 127.7627450224 0.0063380488 0 0 0 0 0 0 0 1 0 0 0 0 0 0 0 0 0 0 0 0
1 0 10.75 0.0915898816 138.6450455024 0.0030237805 0 0 0 0 0 0 0 1 0 0 0 0 0 0 0 0 0 0 0 0
1 0 8 0.0617812846 156.0442362599 0.0014789024 0 0 0 0 0 0 0 1 0 0 0 0 0 0 0 0 0 0 0 0
1 0 11.35 0.0474048541 129.4051737328 0.0009860976 0 0 0 0 0 0 0 1 0 0 0 0 0 0 0 0 0 0 0 0
1 0 12.65 0.0581726023 135.1543286192 0.0048289024 0 0 0 0 0 0 0 1 0 0 0 0 0 0 0 0 0 0 0 0
1 0 12.32 0.0733135935 121.4696766174 0.0034410976 0 0 0 0 0 0 0 1 0 0 0 0 0 0 0 0 0 0 0 0
1 0 9.42 0.0529670241 149.7416429553 0.0012463415 0 0 0 0 0 0 0 1 0 0 0 0 0 0 0 0 0 0 0 0
1 0 9.73 0.0603233226 153.8210757336 0.0037003659 0 0 0 0 0 0 0 1 0 0 0 0 0 0 0 0 0 0 0 0
1 0 9.72 0.091911525 165.9940745167 0.0028839024 0 0 0 0 0 0 0 1 0 0 0 0 0 0 0 0 0 0 0 0
1 0 15.23 0.0223727168 86.0524681914 0.001375122 0 0 0 0 0 0 0 1 0 0 0 0 0 0 0 0 0 0 0 0
1 0 10.5 0.1479226374 132.3127457066 0.0231240244 1 0 0 0 0 0 0 1 0 0 0 0 0 0 0 0 0 0 0 0
1 0 11.55 0.0330242666 153.9864162213 0.0012019512 1 0 0 0 0 0 0 1 0 0 0 0 0 0 0 0 0 0 0 0
1 0 10.29 0.0952533666 154.7146434162 0.0069971951 1 0 0 0 0 0 0 1 0 0 0 0 0 0 0 0 0 0 0 0
1 0 11.45 0.0627570624 155.5642153896 0.0057469512 1 0 0 0 0 0 0 1 0 0 0 0 0 0 0 0 0 0 0 0
1 0 9.15 0.1816697396 176.1488216808 0.0212546341 1 0 0 0 0 0 0 1 0 0 0 0 0 0 0 0 0 0 0 0
1 0 8.94 0.2183297132 197.2796284157 0.0188193902 1 0 0 0 0 0 0 1 0 0 0 0 0 0 0 0 0 0 0 0
1 0 9.4 0.2442410191 165.9134058889 0.0255869512 1 0 0 0 0 0 0 1 0 0 0 0 0 0 0 0 0 0 0 0
1 0 8.2 0.0504293148 186.5965085238 0.0010939024 1 0 0 0 0 0 0 1 0 0 0 0 0 0 0 0 0 0 0 0
1 0 10.08 0.0307320913 166.3118586353 0.0009462195 1 0 0 0 0 0 0 1 0 0 0 0 0 0 0 0 0 0 0 0
1 0 9.69 0.0603893691 147.9830202104 0.0020006098 1 0 0 0 0 0 0 1 0 0 0 0 0 0 0 0 0 0 0 0
1 0 11.99 0.1668227627 149.9942137658 0.0218258537 1 0 0 0 0 0 0 1 0 0 0 0 0 0 0 0 0 0 0 0
1 0 10.53 0.1497542756 153.4089437132 0.0042117073 1 0 0 0 0 0 0 1 0 0 0 0 0 0 0 0 0 0 0 0
1 0 10.64 0.045061526 161.6399624661 0.0014208537 1 0 0 0 0 0 0 1 0 0 0 0 0 0 0 0 0 0 0 0
1 0 14 0.1646404122 89.1527365561 0.0106185238 1 0 0 0 0 0 0 0 1 0 0 0 0 0 0 0 0 0 0 0
1 0 16 0.0583998721 98.8442861233 0.0072069048 1 0 0 0 0 0 0 0 1 0 0 0 0 0 0 0 0 0 0 0
1 0 17 0.1164957511 73.3552979469 0.005791381 1 0 0 0 0 0 0 0 1 0 0 0 0 0 0 0 0 0 0 0
1 0 21 0.0579028383 97.0520100262 0.0060487143 1 0 0 0 0 0 0 0 1 0 0 0 0 0 0 0 0 0 0 0
1 0 20 0.210562317 90.2459299823 0.0094325714 1 0 0 0 0 0 0 0 1 0 0 0 0 0 0 0 0 0 0 0
1 0 14 0.1088729656 78.0989717099 0.0063536667 1 0 0 0 0 0 0 0 1 0 0 0 0 0 0 0 0 0 0 0
1 0 17 0.1990339599 83.1301633978 0.0163925714 1 0 0 0 0 0 0 0 1 0 0 0 0 0 0 0 0 0 0 0
1 1 15 0.0852880756 104.4230301018 0.0053718095 1 0 0 0 0 0 0 0 1 0 0 0 0 0 0 0 0 0 0 0
1 1 20 0.1001115969 109.3805980539 0.0089651905 1 0 0 0 0 0 0 0 1 0 0 0 0 0 0 0 0 0 0 0
1 0 23 0.1367428653 110.3727557133 0.0066003333 1 0 0 0 0 0 0 0 1 0 0 0 0 0 0 0 0 0 0 0
1 0 15 0.0685928179 85.4978578069 0.0085414762 1 0 0 0 0 0 0 0 1 0 0 0 0 0 0 0 0 0 0 0
1 0 21 0.1109082533 91.2220875354 0.0094848095 1 0 0 0 0 0 0 0 1 0 0 0 0 0 0 0 0 0 0 0
1 0 15 0.0892096625 76.2249023755 0.007431381 0 0 0 0 0 0 0 0 1 0 0 0 0 0 0 0 0 0 0 0
1 1 19 0.1821666724 123.5295807187 0.0109821429 0 0 0 0 0 0 0 0 1 0 0 0 0 0 0 0 0 0 0 0
1 0 15 0.2485277466 109.9647506244 0.0073614762 0 0 0 0 0 0 0 0 1 0 0 0 0 0 0 0 0 0 0 0
1 0 20 0.1248508663 78.572688979 0.0068397619 0 0 0 0 0 0 0 0 1 0 0 0 0 0 0 0 0 0 0 0
1 0 12 0.130853753 128.8854665921 0.0102315238 0 0 0 0 0 0 0 0 1 0 0 0 0 0 0 0 0 0 0 0
1 0 18 0.2084907893 100.1832684538 0.008933619 0 0 0 0 0 0 0 0 1 0 0 0 0 0 0 0 0 0 0 0
1 1 24 0.0790326561 114.7964107051 0.0187404286 0 0 0 0 0 0 0 0 1 0 0 0 0 0 0 0 0 0 0 0
1 0 17 0.2458430217 102.4129363925 0.0120551429 0 0 0 0 0 0 0 0 1 0 0 0 0 0 0 0 0 0 0 0
1 1 14 0.101261261 105.0340948282 0.007536 0 0 0 0 0 0 0 0 1 0 0 0 0 0 0 0 0 0 0 0
1 0 16 0.1345955957 100.5330170696 0.0078850476 0 0 0 0 0 0 0 0 1 0 0 0 0 0 0 0 0 0 0 0
1 0 12 0.1322815619 117.6114822644 0.0072391429 0 0 0 0 0 0 0 0 1 0 0 0 0 0 0 0 0 0 0 0
1 0 18 0.0702632572 65.4209756689 0.0074332381 0 0 0 0 0 0 0 0 1 0 0 0 0 0 0 0 0 0 0 0
1 0 21 0.0703339972 69.2318171717 0.0067041429 0 0 0 0 0 0 0 0 1 0 0 0 0 0 0 0 0 0 0 0
1 0 16 0.0837826099 78.6844852059 0.0070465714 0 0 0 0 0 0 0 0 1 0 0 0 0 0 0 0 0 0 0 0
1 0 11 0.0658470547 135.4598919555 0.0081579048 0 0 0 0 0 0 0 0 1 0 0 0 0 0 0 0 0 0 0 0
1 0 18 0.1182127769 97.5265461923 0.0070886667 0 0 0 0 0 0 0 0 1 0 0 0 0 0 0 0 0 0 0 0
1 0 19 0.133082344 85.4559911545 0.0090995238 0 0 0 0 0 0 0 0 1 0 0 0 0 0 0 0 0 0 0 0
1 0 19.09 0.1277446264 63.3179434171 0.00826225 0 0 0 0 0 0 0 0 0 1 0 0 0 0 0 0 0 0 0 0
1 1 13.73 0.1281363702 70.8003535803 0.0017107 0 0 0 0 0 0 0 0 0 1 0 0 0 0 0 0 0 0 0 0
1 0 13.37 0.0701428973 75.3646789228 0.0015003 0 0 0 0 0 0 0 0 0 1 0 0 0 0 0 0 0 0 0 0
1 0 17.78 0.1512462811 64.6821086921 0.00280495 0 0 0 0 0 0 0 0 0 1 0 0 0 0 0 0 0 0 0 0
1 0 32.45 0.1692748111 60.6820834756 0.0005239 0 0 0 0 0 0 0 0 0 1 0 0 0 0 0 0 0 0 0 0
1 0 33.86 0.0919758835 64.4274309583 0.0031652 0 0 0 0 0 0 0 0 0 1 0 0 0 0 0 0 0 0 0 0
1 0 35.2 0.0725448689 84.9248485169 0.00112605 0 0 0 0 0 0 0 0 0 1 0 0 0 0 0 0 0 0 0 0
1 0 16.93 0.0815391981 75.5667577029 0.00101635 0 0 0 0 0 0 0 0 0 1 0 0 0 0 0 0 0 0 0 0
1 0 21.48 0.1045511425 69.756576021 0.0005816 0 0 0 0 0 0 0 0 0 1 0 0 0 0 0 0 0 0 0 0
1 0 9.33 0.2325322576 102.2369509936 0.00973315 0 0 0 0 0 0 0 0 0 1 0 0 0 0 0 0 0 0 0 0
1 0 14.2 0.0324958186 73.7594771574 0.0004874 0 0 0 0 0 0 0 0 0 1 0 0 0 0 0 0 0 0 0 0
1 0 14.2 0.0700632947 71.6799207771 0.000708 0 0 0 0 0 0 0 0 0 1 0 0 0 0 0 0 0 0 0 0
1 0 21.82 0.105154729 52.0297628361 0.00106025 0 0 0 0 0 0 0 0 0 1 0 0 0 0 0 0 0 0 0 0
1 0 20.83 0.0931312635 51.2534329891 0.00088175 0 0 0 0 0 0 0 0 0 1 0 0 0 0 0 0 0 0 0 0
1 0 16.99 0.0751502629 61.6014458445 0.0016102 0 0 0 0 0 0 0 0 0 1 0 0 0 0 0 0 0 0 0 0
1 1 12.64 0.1430194051 75.4822068483 0.0006534 0 0 0 0 0 0 0 0 0 1 0 0 0 0 0 0 0 0 0 0
1 0 22.64 0.0877429755 66.9399615365 0.0004656 0 0 0 0 0 0 0 0 0 1 0 0 0 0 0 0 0 0 0 0
1 0 31.72 0.1002426728 64.0205617974 0.000567 0 0 0 0 0 0 0 0 0 1 0 0 0 0 0 0 0 0 0 0
1 0 12.24 0.1451261636 89.8946751639 0.01349065 0 0 0 0 0 0 0 0 0 1 0 0 0 0 0 0 0 0 0 0
1 0 12.74 0.2386920635 79.7541723883 0.0010822 0 0 0 0 0 0 0 0 0 1 0 0 0 0 0 0 0 0 0 0
1 1 11.4 0.075641756 73.936808017 0.0009827 0 0 0 0 0 0 0 0 0 1 0 0 0 0 0 0 0 0 0 0
1 0 25.12 0.0986120744 60.5440021103 0.00054545 1 0 0 0 0 0 0 0 0 1 0 0 0 0 0 0 0 0 0 0
1 0 12.92 0.153688514 85.6975546611 0.00393515 1 0 0 0 0 0 0 0 0 1 0 0 0 0 0 0 0 0 0 0
1 0 19.8 0.0679066259 52.4431742888 0.0019052 1 0 0 0 0 0 0 0 0 1 0 0 0 0 0 0 0 0 0 0
1 0 12.15 0.0709388009 94.4857166887 0.00450855 1 0 0 0 0 0 0 0 0 1 0 0 0 0 0 0 0 0 0 0
1 0 14.77 0.1572182673 68.1031774286 0.0069269 1 0 0 0 0 0 0 0 0 1 0 0 0 0 0 0 0 0 0 0
1 0 17.36 0.1916271751 77.9981267939 0.00496005 1 0 0 0 0 0 0 0 0 1 0 0 0 0 0 0 0 0 0 0
1 1 13.28 0.1024985696 64.8333367474 0.00089345 1 0 0 0 0 0 0 0 0 1 0 0 0 0 0 0 0 0 0 0
1 0 19.16 0.0938655079 57.9494257098 0.0004041 1 0 0 0 0 0 0 0 0 1 0 0 0 0 0 0 0 0 0 0
1 1 13.95 0.1282716215 73.0530906077 0.0007538 1 0 0 0 0 0 0 0 0 1 0 0 0 0 0 0 0 0 0 0
1 0 24.6 0.0939698525 61.506348059 0.00032195 1 0 0 0 0 0 0 0 0 1 0 0 0 0 0 0 0 0 0 0
1 0 27.92 0.1094697202 47.3706371118 0.0006019 1 0 0 0 0 0 0 0 0 1 0 0 0 0 0 0 0 0 0 0
1 0 33.17 0.1603338659 62.2131803312 0.000433 1 0 0 0 0 0 0 0 0 1 0 0 0 0 0 0 0 0 0 0
1 0 13.78 0.2106975364 65.3077629095 0.00370005 1 0 0 0 0 0 0 0 0 1 0 0 0 0 0 0 0 0 0 0
1 0 17.13 0.100530059 62.9394886853 0.00034175 1 0 0 0 0 0 0 0 0 1 0 0 0 0 0 0 0 0 0 0
1 0 15.7 0.130714653 61.203362512 0.0008622 1 0 0 0 0 0 0 0 0 1 0 0 0 0 0 0 0 0 0 0
1 0 20.65 0.1552929587 54.5786476611 0.00029835 1 0 0 0 0 0 0 0 0 1 0 0 0 0 0 0 0 0 0 0
1 0 15.35 0.1371127605 59.4173143525 0.0006921 1 0 0 0 0 0 0 0 0 1 0 0 0 0 0 0 0 0 0 0
1 0 11.81 0.1916929714 103.0010753932 0.01057945 1 0 0 0 0 0 0 0 0 1 0 0 0 0 0 0 0 0 0 0
1 0 14.37 0.0967590972 72.1677998361 0.0006539 1 0 0 0 0 0 0 0 0 1 0 0 0 0 0 0 0 0 0 0
1 0 12.83 0.1183472319 67.418752251 0.0005028 1 0 0 0 0 0 0 0 0 1 0 0 0 0 0 0 0 0 0 0
1 0 33.24 0.0906318568 72.3734378691 0.0020593 1 0 0 0 0 0 0 0 0 1 0 0 0 0 0 0 0 0 0 0
1 0 12.03 0.2340571753 97.6703147941 0.00497185 0 0 0 0 0 0 0 0 0 1 0 0 0 0 0 0 0 0 0 0
1 0 16.99 0.0875124151 51.4097607097 0.000431 0 0 0 0 0 0 0 0 0 1 0 0 0 0 0 0 0 0 0 0
1 0 13.59 0.1997502952 84.8304625344 0.00167405 0 0 0 0 0 0 0 0 0 1 0 0 0 0 0 0 0 0 0 0
1 1 12.62 0.0562847467 86.792286135 0.00048025 0 0 0 0 0 0 0 0 0 1 0 0 0 0 0 0 0 0 0 0
1 0 23.1 0.0977247798 51.3131321231 0.00143915 1 0 0 0 0 0 0 0 0 1 0 0 0 0 0 0 0 0 0 0
1 1 21.22 0.1119659947 68.3545819171 0.00092505 1 0 0 0 0 0 0 0 0 1 0 0 0 0 0 0 0 0 0 0
1 0 20.34 0.0919096687 48.215489642 0.00042375 1 0 0 0 0 0 0 0 0 1 0 0 0 0 0 0 0 0 0 0
1 0 26 0.0888461919 99.7806052225 0.00088695 1 0 0 0 0 0 0 0 0 0 1 0 0 0 0 0 0 0 0 0
1 0 27 0.1831344778 205.4682155428 0.00344115 1 0 0 0 0 0 0 0 0 0 1 0 0 0 0 0 0 0 0 0
1 0 27 0.130655182 88.84327249 0.0032477 1 0 0 0 0 0 0 0 0 0 1 0 0 0 0 0 0 0 0 0
1 0 27 0.1477005723 118.8874191015 0.0012689 1 0 0 0 0 0 0 0 0 0 1 0 0 0 0 0 0 0 0 0
1 0 36 0.1240827372 82.0452883297 0.0019485 1 0 0 0 0 0 0 0 0 0 1 0 0 0 0 0 0 0 0 0
1 0 37 0.1131763663 115.2986285925 0.0011433 1 0 0 0 0 0 0 0 0 0 1 0 0 0 0 0 0 0 0 0
1 0 38 0.1275747847 60.8080402269 0.0013509 1 0 0 0 0 0 0 0 0 0 1 0 0 0 0 0 0 0 0 0
1 0 39 0.1644348475 92.0339729028 0.0007101 1 0 0 0 0 0 0 0 0 0 1 0 0 0 0 0 0 0 0 0
1 0 39 0.1229035604 122.3972551484 0.0008465 1 0 0 0 0 0 0 0 0 0 1 0 0 0 0 0 0 0 0 0
1 0 41 0.1364133879 116.5369812609 0.0009444 1 0 0 0 0 0 0 0 0 0 1 0 0 0 0 0 0 0 0 0
1 0 34 0.1617876853 104.1503540783 0.00072845 1 0 0 0 0 0 0 0 0 0 1 0 0 0 0 0 0 0 0 0
1 0 36 0.2206530657 111.161145631 0.0006604 1 0 0 0 0 0 0 0 0 0 1 0 0 0 0 0 0 0 0 0
1 0 42 0.1195880779 103.9602634565 0.002412 1 0 0 0 0 0 0 0 0 0 1 0 0 0 0 0 0 0 0 0
1 0 22 0.1383183635 109.7182748481 0.0007882 0 0 0 0 0 0 0 0 0 0 1 0 0 0 0 0 0 0 0 0
1 0 28 0.1264107916 104.6483639969 0.0022736 0 0 0 0 0 0 0 0 0 0 1 0 0 0 0 0 0 0 0 0
1 0 30 0.1423738323 124.5765678074 0.00137685 0 0 0 0 0 0 0 0 0 0 1 0 0 0 0 0 0 0 0 0
1 0 30 0.1327294178 114.5416750991 0.00127685 0 0 0 0 0 0 0 0 0 0 1 0 0 0 0 0 0 0 0 0
1 0 31 0.1996165628 124.3732512852 0.00069925 0 0 0 0 0 0 0 0 0 0 1 0 0 0 0 0 0 0 0 0
1 0 31 0.0947224609 80.0001951314 0.00133145 0 0 0 0 0 0 0 0 0 0 1 0 0 0 0 0 0 0 0 0
1 0 33 0.1477653944 96.0198341846 0.00083975 0 0 0 0 0 0 0 0 0 0 1 0 0 0 0 0 0 0 0 0
1 0 41 0.0965817206 127.8878870109 0.00231075 0 0 0 0 0 0 0 0 0 0 1 0 0 0 0 0 0 0 0 0
1 0 42 0.1601359024 101.3141984266 0.00175785 0 0 0 0 0 0 0 0 0 0 1 0 0 0 0 0 0 0 0 0
1 0 64 0.1644415357 167.0921586485 0.00144055 0 0 0 0 0 0 0 0 0 0 1 0 0 0 0 0 0 0 0 0
1 0 31 0.171107079 79.4868382012 0.00174865 0 0 0 0 0 0 0 0 0 0 1 0 0 0 0 0 0 0 0 0
1 0 35 0.1161863351 91.2326156429 0.0012041 0 0 0 0 0 0 0 0 0 0 1 0 0 0 0 0 0 0 0 0
1 0 49 0.1401714596 108.5101152657 0.0015082 0 0 0 0 0 0 0 0 0 0 1 0 0 0 0 0 0 0 0 0
1 0 27 0.1548868262 90.1006509187 0.0024688 0 0 0 0 0 0 0 0 0 0 1 0 0 0 0 0 0 0 0 0
1 0 16.61 0.0862273068 149.2104006968 0.0030125 0 0 0 0 0 0 0 0 0 0 0 1 0 0 0 0 0 0 0 0
1 0 14.14 0.0301207611 131.089677384 0.0012755 0 0 0 0 0 0 0 0 0 0 0 1 0 0 0 0 0 0 0 0
1 0 17.15 0.0208198472 100.0095754048 0.0003951111 0 0 0 0 0 0 0 0 0 0 0 1 0 0 0 0 0 0 0 0
1 0 12.13 0.1468819997 140.40368278 0.0082641111 0 0 0 0 0 0 0 0 0 0 0 1 0 0 0 0 0 0 0 0
1 0 16.48 0.0179937252 111.6085900781 0.0014593889 0 0 0 0 0 0 0 0 0 0 0 1 0 0 0 0 0 0 0 0
1 0 15.4 0.0736098567 95.6463633902 0.0022072222 0 0 0 0 0 0 0 0 0 0 0 1 0 0 0 0 0 0 0 0
1 0 16.64 0.0329590978 127.434784591 0.0016035556 0 0 0 0 0 0 0 0 0 0 0 1 0 0 0 0 0 0 0 0
1 0 13.99 0.0375275885 131.2950890126 0.0005228889 0 0 0 0 0 0 0 0 0 0 0 1 0 0 0 0 0 0 0 0
1 0 12.63 0.0716118233 141.6581302569 0.0048672222 0 0 0 0 0 0 0 0 0 0 0 1 0 0 0 0 0 0 0 0
1 0 14.75 0.0285296499 126.6114272759 0.0005021111 1 0 0 0 0 0 0 0 0 0 0 1 0 0 0 0 0 0 0 0
1 0 13.35 0.0884593504 154.6165155917 0.0015182778 1 0 0 0 0 0 0 0 0 0 0 1 0 0 0 0 0 0 0 0
1 0 12.91 0.0287423835 174.3816302202 0.0009993889 1 0 0 0 0 0 0 0 0 0 0 1 0 0 0 0 0 0 0 0
1 0 14.98 0.0602718624 145.3986919951 0.0011333333 1 0 0 0 0 0 0 0 0 0 0 1 0 0 0 0 0 0 0 0
1 0 15.28 0.1459993714 111.3277983204 0.0023551111 1 0 0 0 0 0 0 0 0 0 0 1 0 0 0 0 0 0 0 0
1 0 15.53 0.0236166369 132.5732319341 0.0018911667 1 0 0 0 0 0 0 0 0 0 0 1 0 0 0 0 0 0 0 0
1 0 13.88 0.0672076864 129.0859432753 0.0088687222 1 0 0 0 0 0 0 0 0 0 0 1 0 0 0 0 0 0 0 0
1 1 13.77 0.0628320798 143.327198431 0.0020666111 1 0 0 0 0 0 0 0 0 0 0 1 0 0 0 0 0 0 0 0
1 0 12.08 0.200902838 135.9813215524 0.0062786667 1 0 0 0 0 0 0 0 0 0 0 1 0 0 0 0 0 0 0 0
1 0 16.05 0.0285454069 94.2281107013 0.0012662778 1 0 0 0 0 0 0 0 0 0 0 1 0 0 0 0 0 0 0 0
1 0 14.86 0.0658790727 134.9008269422 0.0015294444 1 0 0 0 0 0 0 0 0 0 0 1 0 0 0 0 0 0 0 0
1 1 14.1 0.0299312234 174.9069201178 0.0008928333 1 0 0 0 0 0 0 0 0 0 0 1 0 0 0 0 0 0 0 0
1 1 8.67 0.1040525115 185.1005305819 0.0012816111 1 0 0 0 0 0 0 0 0 0 0 1 0 0 0 0 0 0 0 0
1 0 16.06 0.1779623404 115.9252470964 0.0265066111 0 0 0 0 0 0 0 0 0 0 0 1 0 0 0 0 0 0 0 0
1 1 13.78 0.135191253 198.8087537539 0.0089846111 1 0 0 0 0 0 0 0 0 0 0 1 0 0 0 0 0 0 0 0
1 0 16.6 0.0300438002 111.8726802396 0.0002934444 1 0 0 0 0 0 0 0 0 0 0 1 0 0 0 0 0 0 0 0
1 0 16.13 0.0943151272 83.4688817143 0.0103008333 1 0 0 0 0 0 0 0 0 0 0 1 0 0 0 0 0 0 0 0
1 0 13.81 0.0251317952 125.8230931393 0.0003156667 0 0 0 0 0 0 0 0 0 0 0 1 0 0 0 0 0 0 0 0
1 1 12.38 0.100854064 151.6251730321 0.0045252222 1 0 0 0 0 0 0 0 0 0 0 1 0 0 0 0 0 0 0 0
1 0 14.76 0.0390527538 123.2875447833 0.0011557222 1 0 0 0 0 0 0 0 0 0 0 1 0 0 0 0 0 0 0 0
1 1 16.88 0.0518239879 168.9037526814 0.0006086667 1 0 0 0 0 0 0 0 0 0 0 1 0 0 0 0 0 0 0 0
1 0 12.9 0.0517750089 125.4521680617 0.0015876667 1 0 0 0 0 0 0 0 0 0 0 1 0 0 0 0 0 0 0 0
1 0 7.9336 0.0886671349 65.6894674544 0.0031339444 0 0 0 0 0 0 0 0 0 0 0 0 1 0 0 0 0 0 0 0
1 1 8.9199 0.0270378827 67.4019350381 0.0018713333 0 0 0 0 0 0 0 0 0 0 0 0 1 0 0 0 0 0 0 0
1 0 9.0821 0.0687823629 45.9544383113 0.011534 0 0 0 0 0 0 0 0 0 0 0 0 1 0 0 0 0 0 0 0
1 1 8.4216 0.0571334812 53.9691058328 0.0078731111 0 0 0 0 0 0 0 0 0 0 0 0 1 0 0 0 0 0 0 0
1 0 11.8433 0.1193663572 42.8190064619 0.0108217778 0 0 0 0 0 0 0 0 0 0 0 0 1 0 0 0 0 0 0 0
1 1 11.8789 0.1350603838 42.4668193712 0.0121814365 0 0 0 0 0 0 0 0 0 0 0 0 1 0 0 0 0 0 0 0
1 0 11.2628 0.0903045546 61.7017223048 0.0067392778 0 0 0 0 0 0 0 0 0 0 0 0 1 0 0 0 0 0 0 0
1 0 9.7775 0.0920074275 63.9198118746 0.0017495 0 0 0 0 0 0 0 0 0 0 0 0 1 0 0 0 0 0 0 0
1 1 10.8652 0.0688480393 59.9505685168 0.0074076667 0 0 0 0 0 0 0 0 0 0 0 0 1 0 0 0 0 0 0 0
1 0 12.9363 0.0662109671 49.9683369506 0.0034456667 0 0 0 0 0 0 0 0 0 0 0 0 1 0 0 0 0 0 0 0
1 0 8.7912 0.0906980568 50.221702082 0.0073029444 0 0 0 0 0 0 0 0 0 0 0 0 1 0 0 0 0 0 0 0
1 0 7.5284 0.0908128648 57.9742029861 0.0110377222 0 0 0 0 0 0 0 0 0 0 0 0 1 0 0 0 0 0 0 0
1 0 9.9473 0.0663696898 82.4738389031 0.0034034167 0 0 0 0 0 0 0 0 0 0 0 0 1 0 0 0 0 0 0 0
1 0 8.5804 0.133428649 85.4014924463 0.0077371667 0 0 0 0 0 0 0 0 0 0 0 0 1 0 0 0 0 0 0 0
1 0 11.6982 0.0389636343 67.9757078793 0.0027092222 0 0 0 0 0 0 0 0 0 0 0 0 1 0 0 0 0 0 0 0
1 0 11.4326 0.0947136861 80.6676079601 0.0042168333 0 0 0 0 0 0 0 0 0 0 0 0 1 0 0 0 0 0 0 0
1 0 11.6543 0.0825401324 71.2369966325 0.0014753333 0 0 0 0 0 0 0 0 0 0 0 0 1 0 0 0 0 0 0 0
1 1 7.7502 0.05913186 49.7926955708 0.0008602083 1 0 0 0 0 0 0 0 0 0 0 0 1 0 0 0 0 0 0 0
1 0 9.3149 0.0759203162 54.6473185502 0.0014722083 1 0 0 0 0 0 0 0 0 0 0 0 1 0 0 0 0 0 0 0
1 0 10.6927 0.0300245367 62.6628062375 0.0005079583 1 0 0 0 0 0 0 0 0 0 0 0 1 0 0 0 0 0 0 0
1 0 8.2656 0.1291329517 69.4096194742 0.0023232917 1 0 0 0 0 0 0 0 0 0 0 0 1 0 0 0 0 0 0 0
1 1 9.1068 0.0481256593 60.6299716537 0.0023960833 1 0 0 0 0 0 0 0 0 0 0 0 1 0 0 0 0 0 0 0
1 0 8.2464 0.1816077647 59.0380030265 0.0070014167 1 0 0 0 0 0 0 0 0 0 0 0 1 0 0 0 0 0 0 0
1 0 8.3203 0.1728965174 77.1534819781 0.00313525 1 0 0 0 0 0 0 0 0 0 0 0 1 0 0 0 0 0 0 0
1 0 8.3313 0.0486553194 58.1236360963 0.000835 1 0 0 0 0 0 0 0 0 0 0 0 1 0 0 0 0 0 0 0
1 1 8.9747 0.0472376193 60.9920860839 0.0007248333 1 0 0 0 0 0 0 0 0 0 0 0 1 0 0 0 0 0 0 0
1 0 9.2081 0.1338096515 69.3197310296 0.0062793333 1 0 0 0 0 0 0 0 0 0 0 0 1 0 0 0 0 0 0 0
1 0 8.9363 0.0723985374 62.9813327976 0.01303025 1 0 0 0 0 0 0 0 0 0 0 0 1 0 0 0 0 0 0 0
1 0 9.7201 0.11034019 67.4222443419 0.0121644167 1 0 0 0 0 0 0 0 0 0 0 0 1 0 0 0 0 0 0 0
1 1 10.2218 0.0665591238 62.6160507065 0.0047265417 1 0 0 0 0 0 0 0 0 0 0 0 1 0 0 0 0 0 0 0
1 0 9.5202 0.1583456488 62.5898374744 0.019589875 1 0 0 0 0 0 0 0 0 0 0 0 1 0 0 0 0 0 0 0
1 0 12.3477 0.0454416606 57.6261319938 0.0024155 1 0 0 0 0 0 0 0 0 0 0 0 1 0 0 0 0 0 0 0
1 0 11.8816 0.1030829587 50.970644113 0.007520042 1 0 0 0 0 0 0 0 0 0 0 0 1 0 0 0 0 0 0 0
1 0 12.4298 0.0470524321 69.0489360357 0.0019847917 1 0 0 0 0 0 0 0 0 0 0 0 1 0 0 0 0 0 0 0
1 0 12.2546 0.0448838962 53.328658788 0.0035132917 1 0 0 0 0 0 0 0 0 0 0 0 1 0 0 0 0 0 0 0
1 0 12.3833 0.1787804222 67.8367326104 0.0162408824 1 0 0 0 0 0 0 0 0 0 0 0 1 0 0 0 0 0 0 0
1 0 23.08 0.191343134 138.5578382757 0.0063279333 0 0 0 0 0 0 0 0 0 0 0 0 0 1 0 0 0 0 0 0
1 0 20.75 0.0530472531 182.827354833 0.0010154 0 0 0 0 0 0 0 0 0 0 0 0 0 1 0 0 0 0 0 0
1 0 15.66 0.0624616802 117.9656530155 0.0095479333 0 0 0 0 0 0 0 0 0 0 0 0 0 1 0 0 0 0 0 0
1 0 15.33 0.0787113014 146.6178277828 0.0018350667 0 0 0 0 0 0 0 0 0 0 0 0 0 1 0 0 0 0 0 0
1 0 19.16 0.0939610386 173.9290214325 0.0037112 0 0 0 0 0 0 0 0 0 0 0 0 0 1 0 0 0 0 0 0
1 0 21.42 0.0783014327 137.8155477885 0.0023494 0 0 0 0 0 0 0 0 0 0 0 0 0 1 0 0 0 0 0 0
1 0 17.03 0.0984635004 168.8509818065 0.0014232 0 0 0 0 0 0 0 0 0 0 0 0 0 1 0 0 0 0 0 0
1 0 15.05 0.0749657769 160.4265949915 0.0007290667 0 0 0 0 0 0 0 0 0 0 0 0 0 1 0 0 0 0 0 0
1 0 17.17 0.0746543102 125.1449531445 0.0017448667 0 0 0 0 0 0 0 0 0 0 0 0 0 1 0 0 0 0 0 0
1 0 13.75 0.0893139459 173.408423528 0.0011781333 0 0 0 0 0 0 0 0 0 0 0 0 0 1 0 0 0 0 0 0
1 0 21.58 0.1564876567 102.3310502029 0.0014513333 0 0 0 0 0 0 0 0 0 0 0 0 0 1 0 0 0 0 0 0
1 0 19.5 0.1106976377 162.5945056822 0.0061922667 0 0 0 0 0 0 0 0 0 0 0 0 0 1 0 0 0 0 0 0
1 0 12 0.1971185568 219.6152782285 0.0087316 0 0 0 0 0 0 0 0 0 0 0 0 0 1 0 0 0 0 0 0
1 0 13.58 0.0526701984 193.7713827955 0.0015884667 0 0 0 0 0 0 0 0 0 0 0 0 0 1 0 0 0 0 0 0
1 0 13.83 0.1442195697 182.4635668188 0.0081561333 0 0 0 0 0 0 0 0 0 0 0 0 0 1 0 0 0 0 0 0
1 0 13.91 0.1016608953 152.1235594394 0.0027363333 0 0 0 0 0 0 0 0 0 0 0 0 0 1 0 0 0 0 0 0
1 0 17.25 0.1198923646 100.8117513948 0.0012246667 0 0 0 0 0 0 0 0 0 0 0 0 0 1 0 0 0 0 0 0
1 0 15.25 0.1100180534 173.1471279929 0.0015970667 0 0 0 0 0 0 0 0 0 0 0 0 0 1 0 0 0 0 0 0
1 0 18.01 0.0623387583 144.7601706881 0.0014703333 0 0 0 0 0 0 0 0 0 0 0 0 0 1 0 0 0 0 0 0
1 0 19.41 0.0540435293 132.5481888059 0.0008728 0 0 0 0 0 0 0 0 0 0 0 0 0 1 0 0 0 0 0 0
1 0 14.41 0.0582913716 137.0290807408 0.0007400667 0 0 0 0 0 0 0 0 0 0 0 0 0 1 0 0 0 0 0 0
1 0 14.91 0.0701597337 212.8057414821 0.0020708667 1 0 0 0 0 0 0 0 0 0 0 0 0 1 0 0 0 0 0 0
1 0 19.83 0.0710710819 141.0077577742 0.0005756667 1 0 0 0 0 0 0 0 0 0 0 0 0 1 0 0 0 0 0 0
1 0 20.33 0.0507308224 143.1782855688 0.0004214 1 0 0 0 0 0 0 0 0 0 0 0 0 1 0 0 0 0 0 0
1 0 20.08 0.0620547303 185.5667246028 0.0006832667 1 0 0 0 0 0 0 0 0 0 0 0 0 1 0 0 0 0 0 0
1 0 21.33 0.1120452539 131.5494277266 0.0023168 1 0 0 0 0 0 0 0 0 0 0 0 0 1 0 0 0 0 0 0
1 0 19.08 0.0474694857 138.1602022745 0.0009291333 1 0 0 0 0 0 0 0 0 0 0 0 0 1 0 0 0 0 0 0
1 0 25.66 0.0565114235 147.5912895421 0.0012722667 1 0 0 0 0 0 0 0 0 0 0 0 0 1 0 0 0 0 0 0
1 0 15.91 0.0936781645 161.9297553357 0.0007036667 1 0 0 0 0 0 0 0 0 0 0 0 0 1 0 0 0 0 0 0
1 0 17.5 0.0721948558 143.4982168031 0.0005388 1 0 0 0 0 0 0 0 0 0 0 0 0 1 0 0 0 0 0 0
1 0 14.41 0.0778971341 123.427856456 0.0012818667 1 0 0 0 0 0 0 0 0 0 0 0 0 1 0 0 0 0 0 0
1 0 14.66 0.0772615782 155.5602444309 0.0008632 1 0 0 0 0 0 0 0 0 0 0 0 0 1 0 0 0 0 0 0
1 0 19.33 0.0890275283 132.1649513288 0.0018868667 1 0 0 0 0 0 0 0 0 0 0 0 0 1 0 0 0 0 0 0
1 0 19.66 0.0620810683 149.7197609819 0.0009748 1 0 0 0 0 0 0 0 0 0 0 0 0 1 0 0 0 0 0 0
1 0 24.83 0.0626146362 150.8239459627 0.0009423333 1 0 0 0 0 0 0 0 0 0 0 0 0 1 0 0 0 0 0 0
1 0 12.04 0.0616617985 194.3668890635 0.0019872667 1 0 0 0 0 0 0 0 0 0 0 0 0 1 0 0 0 0 0 0
1 0 16.83 0.0700853106 149.4549641302 0.0042782 1 0 0 0 0 0 0 0 0 0 0 0 0 1 0 0 0 0 0 0
1 0 13.75 0.0548834603 166.5810889219 0.0012134667 1 0 0 0 0 0 0 0 0 0 0 0 0 1 0 0 0 0 0 0
1 0 13.25 0.0852422221 186.3137511059 0.0017256667 1 0 0 0 0 0 0 0 0 0 0 0 0 1 0 0 0 0 0 0
1 0 12.66 0.0515098217 114.5492529265 0.0008509333 1 0 0 0 0 0 0 0 0 0 0 0 0 1 0 0 0 0 0 0
1 0 19.5 0.0549808094 169.4136767347 0.0012084 1 0 0 0 0 0 0 0 0 0 0 0 0 1 0 0 0 0 0 0
1 0 15.75 0.0432022813 111.2131669116 0.0009275333 1 0 0 0 0 0 0 0 0 0 0 0 0 1 0 0 0 0 0 0
1 0 15.91 0.109729004 172.0087243706 0.0057089333 1 0 0 0 0 0 0 0 0 0 0 0 0 1 0 0 0 0 0 0
1 0 14.91 0.0675837852 144.3220873245 0.0064003333 1 0 0 0 0 0 0 0 0 0 0 0 0 1 0 0 0 0 0 0
1 0 17.94 0.0649317116 49.2633872018 0.002115 0 0 0 0 0 0 0 0 0 0 0 0 0 0 1 0 0 0 0 0
1 0 15.78 0.0707829237 50.5397724785 0.0025779167 0 0 0 0 0 0 0 0 0 0 0 0 0 0 1 0 0 0 0 0
1 1 14.11 0.2387858731 75.6343181701 0.0096141667 0 0 0 0 0 0 0 0 0 0 0 0 0 0 1 0 0 0 0 0
1 0 16.98 0.1412592115 47.4794435945 0.0118405833 0 0 0 0 0 0 0 0 0 0 0 0 0 0 1 0 0 0 0 0
1 0 16.56 0.0814367001 60.944472101 0.0046425833 0 0 0 0 0 0 0 0 0 0 0 0 0 0 1 0 0 0 0 0
1 0 11.27 0.1328237913 93.2270948133 0.0029665833 0 0 0 0 0 0 0 0 0 0 0 0 0 0 1 0 0 0 0 0
1 0 15.66 0.0977744496 55.026710444 0.00155075 0 0 0 0 0 0 0 0 0 0 0 0 0 0 1 0 0 0 0 0
1 0 10.41 0.097025518 91.2360229173 0.0029513333 0 0 0 0 0 0 0 0 0 0 0 0 0 0 1 0 0 0 0 0
1 1 11.56 0.2139793753 66.4933779071 0.0146464167 0 0 0 0 0 0 0 0 0 0 0 0 0 0 1 0 0 0 0 0
1 0 10.54 0.1285404939 102.8219344636 0.0030386667 0 0 0 0 0 0 0 0 0 0 0 0 0 0 1 0 0 0 0 0
1 0 15.22 0.0519382453 55.2907830406 0.0059049167 0 0 0 0 0 0 0 0 0 0 0 0 0 0 1 0 0 0 0 0
1 0 16.87 0.0401579294 71.2155467308 0.0011909167 0 0 0 0 0 0 0 0 0 0 0 0 0 0 1 0 0 0 0 0
1 0 14.74 0.0893465486 60.7756926804 0.0017581667 0 0 0 0 0 0 0 0 0 0 0 0 0 0 1 0 0 0 0 0
1 0 14.58 0.0740481332 54.7829091056 0.0051354167 0 0 0 0 0 0 0 0 0 0 0 0 0 0 1 0 0 0 0 0
1 0 11.81 0.0588524593 85.0720283041 0.0012221667 0 0 0 0 0 0 0 0 0 0 0 0 0 0 1 0 0 0 0 0
1 0 13.31 0.093003049 85.335019619 0.0022875 0 0 0 0 0 0 0 0 0 0 0 0 0 0 1 0 0 0 0 0
1 0 12.99 0.0555662454 81.3059741987 0.0022925 0 0 0 0 0 0 0 0 0 0 0 0 0 0 1 0 0 0 0 0
1 0 12.33 0.096781299 80.2721497532 0.0011831667 0 0 0 0 0 0 0 0 0 0 0 0 0 0 1 0 0 0 0 0
1 1 9.26 0.1108683614 97.7532854981 0.0061419167 0 0 0 0 0 0 0 0 0 0 0 0 0 0 1 0 0 0 0 0
1 0 14.59 0.0370348012 72.8456951937 0.0031265833 0 0 0 0 0 0 0 0 0 0 0 0 0 0 1 0 0 0 0 0
1 1 17.53 0.0381761828 83.0332261783 0.00217025 0 0 0 0 0 0 0 0 0 0 0 0 0 0 1 0 0 0 0 0
1 0 10.91 0.0300930024 86.2981163113 0.0006705833 0 0 0 0 0 0 0 0 0 0 0 0 0 0 1 0 0 0 0 0
1 0 10.67 0.0605767452 79.4870805825 0.0043609167 0 0 0 0 0 0 0 0 0 0 0 0 0 0 1 0 0 0 0 0
1 0 12.42 0.1961977944 91.9498922919 0.010579 0 0 0 0 0 0 0 0 0 0 0 0 0 0 1 0 0 0 0 0
1 0 17.4 0.0410743022 52.6735939508 0.0017729167 0 0 0 0 0 0 0 0 0 0 0 0 0 0 1 0 0 0 0 0
1 0 13.67 0.1232206728 75.4389875629 0.0026313333 0 0 0 0 0 0 0 0 0 0 0 0 0 0 1 0 0 0 0 0
1 0 14.96 0.0817456323 71.0009886719 0.00468525 0 0 0 0 0 0 0 0 0 0 0 0 0 0 1 0 0 0 0 0
1 0 10.9 0.0429014422 80.5279441728 0.0009918333 0 0 0 0 0 0 0 0 0 0 0 0 0 0 1 0 0 0 0 0
1 0 13.5 0.043181898 78.3732469487 0.0025930833 0 0 0 0 0 0 0 0 0 0 0 0 0 0 1 0 0 0 0 0
1 0 8.49 0.0835427602 91.3882190144 0.0025129167 0 0 0 0 0 0 0 0 0 0 0 0 0 0 1 0 0 0 0 0
1 0 14.88 0.1093695867 60.8170774632 0.0065098333 1 0 0 0 0 0 0 0 0 0 0 0 0 0 1 0 0 0 0 0
1 0 12.36 0.1498028401 96.7791709069 0.0093210833 1 0 0 0 0 0 0 0 0 0 0 0 0 0 1 0 0 0 0 0
1 0 10.99 0.0751388903 98.3327378419 0.0051529167 1 0 0 0 0 0 0 0 0 0 0 0 0 0 1 0 0 0 0 0
1 0 11.8 0.0241920706 71.6973322947 0.0007015833 1 0 0 0 0 0 0 0 0 0 0 0 0 0 1 0 0 0 0 0
1 0 14.44 0.0514237446 60.0620758001 0.0051914167 1 0 0 0 0 0 0 0 0 0 0 0 0 0 1 0 0 0 0 0
1 0 14.8 0.0658476713 57.3727730989 0.0012365 1 0 0 0 0 0 0 0 0 0 0 0 0 0 1 0 0 0 0 0
1 0 15.04 0.0517974067 58.1901992303 0.0014895833 1 0 0 0 0 0 0 0 0 0 0 0 0 0 1 0 0 0 0 0
1 0 13.38 0.0618346638 84.6102307862 0.0016751667 1 0 0 0 0 0 0 0 0 0 0 0 0 0 1 0 0 0 0 0
1 0 13.66 0.0394667262 72.6242012652 0.0010243333 1 0 0 0 0 0 0 0 0 0 0 0 0 0 1 0 0 0 0 0
1 0 17.79 0.1119189245 66.200123979 0.0166975833 1 0 0 0 0 0 0 0 0 0 0 0 0 0 1 0 0 0 0 0
1 0 11.56 0.0736621167 74.3649166383 0.0033251667 1 0 0 0 0 0 0 0 0 0 0 0 0 0 1 0 0 0 0 0
1 1 13.46 0.0679562792 93.6032933131 0.00242425 1 0 0 0 0 0 0 0 0 0 0 0 0 0 1 0 0 0 0 0
1 0 15.92 0.0408873808 52.8437000463 0.0035178333 1 0 0 0 0 0 0 0 0 0 0 0 0 0 1 0 0 0 0 0
1 0 14.03 0.1316735219 71.4147307368 0.0073149167 1 0 0 0 0 0 0 0 0 0 0 0 0 0 1 0 0 0 0 0
1 1 11.25 0.0227769755 69.9808802627 0.0007509167 1 0 0 0 0 0 0 0 0 0 0 0 0 0 1 0 0 0 0 0
1 0 17.78 0.0575157891 42.3548115918 0.0039449167 1 0 0 0 0 0 0 0 0 0 0 0 0 0 1 0 0 0 0 0
1 0 14.29 0.0824752169 69.7020473696 0.0097215 1 0 0 0 0 0 0 0 0 0 0 0 0 0 1 0 0 0 0 0
1 0 12.09 0.0349019626 59.0054278009 0.00100025 1 0 0 0 0 0 0 0 0 0 0 0 0 0 1 0 0 0 0 0
1 0 13.41 0.0401174911 55.0855745662 0.0007295 1 0 0 0 0 0 0 0 0 0 0 0 0 0 1 0 0 0 0 0
1 0 12.68 0.0613054995 102.426621104 0.0018074167 1 0 0 0 0 0 0 0 0 0 0 0 0 0 1 0 0 0 0 0
1 0 15.74 0.0853177079 63.9571294496 0.0015088333 1 0 0 0 0 0 0 0 0 0 0 0 0 0 1 0 0 0 0 0
1 0 13.85 0.0490165279 61.937775632 0.0013435 1 0 0 0 0 0 0 0 0 0 0 0 0 0 1 0 0 0 0 0
1 0 12.01 0.0350010825 91.3657617734 0.0010038333 1 0 0 0 0 0 0 0 0 0 0 0 0 0 1 0 0 0 0 0
1 1 13.82 0.0319599503 75.8153889805 0.0008799167 1 0 0 0 0 0 0 0 0 0 0 0 0 0 1 0 0 0 0 0
1 0 9.5 0.0318931702 79.610148497 0.0005054167 1 0 0 0 0 0 0 0 0 0 0 0 0 0 1 0 0 0 0 0
1 0 11.83 0.0649471603 87.9508911036 0.00269125 1 0 0 0 0 0 0 0 0 0 0 0 0 0 1 0 0 0 0 0
1 1 12.73 0.1107071953 74.2648023617 0.0079600833 1 0 0 0 0 0 0 0 0 0 0 0 0 0 1 0 0 0 0 0
1 0 16.47 0.0600213007 62.4450665617 0.00104375 0 0 0 0 0 0 0 0 0 0 0 0 0 0 0 1 0 0 0 0
1 0 13.08 0.0477899289 112.8672797304 0.0008331667 0 0 0 0 0 0 0 0 0 0 0 0 0 0 0 1 0 0 0 0
1 0 11.7 0.1657549629 94.7229236353 0.0142525833 0 0 0 0 0 0 0 0 0 0 0 0 0 0 0 1 0 0 0 0
1 0 10.04 0.1047342236 102.1013320434 0.0036721667 0 0 0 0 0 0 0 0 0 0 0 0 0 0 0 1 0 0 0 0
1 0 10.57 0.1417535937 86.1394748648 0.0031781667 0 0 0 0 0 0 0 0 0 0 0 0 0 0 0 1 0 0 0 0
1 0 13.28 0.15208679 97.8948898588 0.0229511667 0 0 0 0 0 0 0 0 0 0 0 0 0 0 0 1 0 0 0 0
1 0 10.85 0.1485789297 96.9308374147 0.0073179167 0 0 0 0 0 0 0 0 0 0 0 0 0 0 0 1 0 0 0 0
1 1 13 0.0313071978 77.0801547415 0.0008804167 1 0 0 0 0 0 0 0 0 0 0 0 0 0 0 1 0 0 0 0
1 1 12.64 0.0519442223 72.2386767061 0.0021688333 1 0 0 0 0 0 0 0 0 0 0 0 0 0 0 1 0 0 0 0
1 0 11.66 0.1193874858 101.5938995077 0.0029504167 1 0 0 0 0 0 0 0 0 0 0 0 0 0 0 1 0 0 0 0
1 0 12.15 0.1296582584 81.7223184814 0.0082716667 1 0 0 0 0 0 0 0 0 0 0 0 0 0 0 1 0 0 0 0
1 0 9.79 0.0344048094 76.3261153329 0.00112 1 0 0 0 0 0 0 0 0 0 0 0 0 0 0 1 0 0 0 0
1 0 11.9 0.120059187 80.662960117 0.0020218333 1 0 0 0 0 0 0 0 0 0 0 0 0 0 0 1 0 0 0 0
1 0 11.95 0.0351518258 96.9789967809 0.0005230833 1 0 0 0 0 0 0 0 0 0 0 0 0 0 0 1 0 0 0 0
1 0 12.9 0.1294855456 90.4148389235 0.0026546667 1 0 0 0 0 0 0 0 0 0 0 0 0 0 0 1 0 0 0 0
1 0 13.36 0.0408365489 86.023105715 0.0008838333 1 0 0 0 0 0 0 0 0 0 0 0 0 0 0 1 0 0 0 0
1 0 13.12 0.1455616199 105.6625724831 0.0102050833 1 0 0 0 0 0 0 0 0 0 0 0 0 0 0 1 0 0 0 0
1 0 13.63 0.0513448374 71.116125232 0.00076875 1 0 0 0 0 0 0 0 0 0 0 0 0 0 0 1 0 0 0 0
1 0 12.66 0.084152154 77.5397123832 0.0109100833 1 0 0 0 0 0 0 0 0 0 0 0 0 0 0 1 0 0 0 0
1 0 12.82 0.0812036872 70.7212938824 0.0049395 0 0 0 0 0 0 0 0 0 0 0 0 0 0 0 1 0 0 0 0
1 0 14.2 0.0727044442 60.7428684454 0.0016585 0 0 0 0 0 0 0 0 0 0 0 0 0 0 0 0 1 0 0 0
1 0 16.8 0.0333027039 52.3289532439 0.0003936 0 0 0 0 0 0 0 0 0 0 0 0 0 0 0 0 1 0 0 0
1 0 14.2 0.1391936361 52.708625979 0.0141155667 0 0 0 0 0 0 0 0 0 0 0 0 0 0 0 0 1 0 0 0
1 0 11.5 0.0965098988 93.0593432234 0.0141807667 0 0 0 0 0 0 0 0 0 0 0 0 0 0 0 0 1 0 0 0
1 1 16.8 0.021462884 65.2510430101 0.0003145333 0 0 0 0 0 0 0 0 0 0 0 0 0 0 0 0 1 0 0 0
1 0 15.4 0.1518342564 63.5096117855 0.0041778 0 0 0 0 0 0 0 0 0 0 0 0 0 0 0 0 1 0 0 0
1 1 11.3 0.1911374362 65.7615193147 0.0061911 0 0 0 0 0 0 0 0 0 0 0 0 0 0 0 0 1 0 0 0
1 0 15.6 0.0665545854 62.1460434356 0.0041685 0 0 0 0 0 0 0 0 0 0 0 0 0 0 0 0 1 0 0 0
1 0 15.2 0.0468863459 56.8798294037 0.0031703667 0 0 0 0 0 0 0 0 0 0 0 0 0 0 0 0 1 0 0 0
1 0 11.2 0.1916939501 92.4434736231 0.0123925 0 0 0 0 0 0 0 0 0 0 0 0 0 0 0 0 1 0 0 0
1 1 11.2 0.1058041723 78.1302142019 0.0048233 0 0 0 0 0 0 0 0 0 0 0 0 0 0 0 0 1 0 0 0
1 1 12.8 0.0724890678 80.6188780089 0.0019188 0 0 0 0 0 0 0 0 0 0 0 0 0 0 0 0 1 0 0 0
1 0 14.4 0.0443511339 57.9302973973 0.000846 0 0 0 0 0 0 0 0 0 0 0 0 0 0 0 0 1 0 0 0
1 0 12.9 0.1250372756 64.3381767949 0.0038448 0 0 0 0 0 0 0 0 0 0 0 0 0 0 0 0 1 0 0 0
1 0 14 0.0705264597 73.4953750368 0.0008969 0 0 0 0 0 0 0 0 0 0 0 0 0 0 0 0 1 0 0 0
1 0 13.9 0.1104705514 61.5653976322 0.0025315 0 0 0 0 0 0 0 0 0 0 0 0 0 0 0 0 1 0 0 0
1 0 12.6 0.1738380376 76.1444365717 0.0073276667 0 0 0 0 0 0 0 0 0 0 0 0 0 0 0 0 1 0 0 0
1 0 12.4 0.032230049 84.153028903 0.0010197667 0 0 0 0 0 0 0 0 0 0 0 0 0 0 0 0 1 0 0 0
1 0 12.6 0.0661386088 84.0663240539 0.0004839333 0 0 0 0 0 0 0 0 0 0 0 0 0 0 0 0 1 0 0 0
1 0 11.5 0.0722872419 73.4070541825 0.0040375333 0 0 0 0 0 0 0 0 0 0 0 0 0 0 0 0 1 0 0 0
1 0 15.9 0.1957334263 60.2428306827 0.0009274333 0 0 0 0 0 0 0 0 0 0 0 0 0 0 0 0 1 0 0 0
1 0 12.8 0.074456127 82.7330928007 0.0030964 0 0 0 0 0 0 0 0 0 0 0 0 0 0 0 0 1 0 0 0
1 1 9.7 0.1365521142 73.9180136249 0.0122530333 0 0 0 0 0 0 0 0 0 0 0 0 0 0 0 0 1 0 0 0
1 0 16.1 0.0403203002 59.6356142966 0.0009209333 0 0 0 0 0 0 0 0 0 0 0 0 0 0 0 0 1 0 0 0
1 1 10.4 0.144018376 79.208404544 0.0037973 0 0 0 0 0 0 0 0 0 0 0 0 0 0 0 0 1 0 0 0
1 0 9.7 0.0256928807 96.9514394951 0.0019073 0 0 0 0 0 0 0 0 0 0 0 0 0 0 0 0 1 0 0 0
1 0 9.7 0.0565505256 92.8355924139 0.0015736667 0 0 0 0 0 0 0 0 0 0 0 0 0 0 0 0 1 0 0 0
1 0 16.1 0.0558317162 48.9685246722 0.0007037 0 0 0 0 0 0 0 0 0 0 0 0 0 0 0 0 1 0 0 0
1 0 13.4 0.0706908994 66.4592400942 0.0030074667 0 0 0 0 0 0 0 0 0 0 0 0 0 0 0 0 1 0 0 0
1 0 11.8 0.2459516837 86.057649322 0.010103 0 0 0 0 0 0 0 0 0 0 0 0 0 0 0 0 1 0 0 0
1 0 9.2 0.0834834165 76.2332426425 0.0022776333 0 0 0 0 0 0 0 0 0 0 0 0 0 0 0 0 1 0 0 0
1 1 15 0.0620393266 79.29208202 0.001658 0 0 0 0 0 0 0 0 0 0 0 0 0 0 0 0 1 0 0 0
1 0 18.6 0.0820406281 65.8504465154 0.0046064 0 0 0 0 0 0 0 0 0 0 0 0 0 0 0 0 1 0 0 0
1 1 18 0.0448795199 72.3034123408 0.0021926 0 0 0 0 0 0 0 0 0 0 0 0 0 0 0 0 1 0 0 0
1 0 13.8 0.0495764468 57.7399934499 0.0028872333 0 0 0 0 0 0 0 0 0 0 0 0 0 0 0 0 1 0 0 0
1 0 13.1 0.1201637999 87.0989187196 0.0098358667 0 0 0 0 0 0 0 0 0 0 0 0 0 0 0 0 1 0 0 0
1 0 12 0.1538442304 66.3701756311 0.0075200333 0 0 0 0 0 0 0 0 0 0 0 0 0 0 0 0 1 0 0 0
1 0 15.3 0.0311608269 54.9317046553 0.0005033667 1 0 0 0 0 0 0 0 0 0 0 0 0 0 0 0 1 0 0 0
1 0 17.1 0.0243688809 58.2170830373 0.0015320667 1 0 0 0 0 0 0 0 0 0 0 0 0 0 0 0 1 0 0 0
1 0 16.1 0.0492647445 64.5626303243 0.0006541333 1 0 0 0 0 0 0 0 0 0 0 0 0 0 0 0 1 0 0 0
1 0 17.2 0.0554039043 54.6587047162 0.0014061333 1 0 0 0 0 0 0 0 0 0 0 0 0 0 0 0 1 0 0 0
1 0 10.4 0.0805632703 75.7746112532 0.0046793333 1 0 0 0 0 0 0 0 0 0 0 0 0 0 0 0 1 0 0 0
1 0 10.2 0.2042469426 71.4414974461 0.0123572 1 0 0 0 0 0 0 0 0 0 0 0 0 0 0 0 1 0 0 0
1 0 11 0.049821249 85.7841110087 0.0019773 1 0 0 0 0 0 0 0 0 0 0 0 0 0 0 0 1 0 0 0
1 0 17.8 0.0292488855 57.7907332942 0.0002404667 1 0 0 0 0 0 0 0 0 0 0 0 0 0 0 0 1 0 0 0
1 1 14.3 0.0269394248 81.1758272615 0.0008815 1 0 0 0 0 0 0 0 0 0 0 0 0 0 0 0 1 0 0 0
1 0 11.8 0.0672597265 76.3845134156 0.003492 1 0 0 0 0 0 0 0 0 0 0 0 0 0 0 0 1 0 0 0
1 1 13.5 0.0447748478 73.9278611631 0.0030936 1 0 0 0 0 0 0 0 0 0 0 0 0 0 0 0 1 0 0 0
1 0 18 0.0302646642 53.6511110273 0.0008976 1 0 0 0 0 0 0 0 0 0 0 0 0 0 0 0 1 0 0 0
1 1 16.1 0.0274907915 67.3217760754 0.0016938333 1 0 0 0 0 0 0 0 0 0 0 0 0 0 0 0 1 0 0 0
1 1 18.2 0.0340141037 77.0830925169 0.0016305333 1 0 0 0 0 0 0 0 0 0 0 0 0 0 0 0 1 0 0 0
1 0 12.6 0.0907239946 71.7981707839 0.0070633 1 0 0 0 0 0 0 0 0 0 0 0 0 0 0 0 1 0 0 0
1 1 13.8 0.1617047612 81.4851978241 0.00507 1 0 0 0 0 0 0 0 0 0 0 0 0 0 0 0 1 0 0 0
1 0 18.2 0.0295164472 57.908945001 0.0008772667 1 0 0 0 0 0 0 0 0 0 0 0 0 0 0 0 1 0 0 0
1 0 17.3 0.0589057261 61.5556801773 0.0024064 1 0 0 0 0 0 0 0 0 0 0 0 0 0 0 0 1 0 0 0
1 0 18.9 0.0361240525 51.6553537116 0.0012898333 1 0 0 0 0 0 0 0 0 0 0 0 0 0 0 0 1 0 0 0
1 0 15.6 0.0459113768 54.7905658949 0.0010551667 1 0 0 0 0 0 0 0 0 0 0 0 0 0 0 0 1 0 0 0
1 1 19.2 0.0785480452 70.8558042626 0.0012159 1 0 0 0 0 0 0 0 0 0 0 0 0 0 0 0 1 0 0 0
1 0 18.9 0.0467307378 68.8876771292 0.0008206333 1 0 0 0 0 0 0 0 0 0 0 0 0 0 0 0 1 0 0 0
1 0 12.4 0.04191583 69.2182666355 0.0018370333 1 0 0 0 0 0 0 0 0 0 0 0 0 0 0 0 1 0 0 0
1 0 16.8 0.0335430431 48.3152620946 0.0009010333 1 0 0 0 0 0 0 0 0 0 0 0 0 0 0 0 1 0 0 0
1 0 15.5 0.1189055187 50.5631111737 0.0034194 1 0 0 0 0 0 0 0 0 0 0 0 0 0 0 0 1 0 0 0
1 1 13.1 0.0475791398 79.1937281167 0.0021996333 1 0 0 0 0 0 0 0 0 0 0 0 0 0 0 0 1 0 0 0
1 0 10.9 0.0801637151 75.1767468633 0.0021953 1 0 0 0 0 0 0 0 0 0 0 0 0 0 0 0 1 0 0 0
1 1 17.2 0.0264008252 59.3543846279 0.0015686667 1 0 0 0 0 0 0 0 0 0 0 0 0 0 0 0 1 0 0 0
1 1 9.5 0.0496403199 82.3513243278 0.0005661 1 0 0 0 0 0 0 0 0 0 0 0 0 0 0 0 1 0 0 0
1 0 9.8 0.0314643237 94.457057617 0.0007983333 1 0 0 0 0 0 0 0 0 0 0 0 0 0 0 0 1 0 0 0
1 0 13.9 0.0463610716 69.6266516232 0.0007109333 1 0 0 0 0 0 0 0 0 0 0 0 0 0 0 0 1 0 0 0
1 1 18.3 0.0320169265 74.76669777 0.0003652667 1 0 0 0 0 0 0 0 0 0 0 0 0 0 0 0 1 0 0 0
1 0 11.2 0.0402630996 90.2697215007 0.0008601333 1 0 0 0 0 0 0 0 0 0 0 0 0 0 0 0 1 0 0 0
1 0 9.8 0.1355134263 68.400536422 0.0071028 1 0 0 0 0 0 0 0 0 0 0 0 0 0 0 0 1 0 0 0
1 0 10.8 0.1528395402 79.7686648375 0.0055812333 1 0 0 0 0 0 0 0 0 0 0 0 0 0 0 0 1 0 0 0
1 0 15.6 0.0561129596 59.0876888553 0.0007742667 1 0 0 0 0 0 0 0 0 0 0 0 0 0 0 0 1 0 0 0
1 0 8.2 0.1039543489 80.6435822162 0.0048388667 1 0 0 0 0 0 0 0 0 0 0 0 0 0 0 0 1 0 0 0
1 0 10.8 0.0805725724 88.6418598029 0.0042361 1 0 0 0 0 0 0 0 0 0 0 0 0 0 0 0 1 0 0 0
1 0 17.9 0.0861396178 60.4045511612 0.0011322667 1 0 0 0 0 0 0 0 0 0 0 0 0 0 0 0 1 0 0 0
1 1 14.8 0.0402707961 79.34247103 0.0022738333 1 0 0 0 0 0 0 0 0 0 0 0 0 0 0 0 1 0 0 0
1 0 12.8 0.1107379934 86.1755416426 0.0049452333 1 0 0 0 0 0 0 0 0 0 0 0 0 0 0 0 1 0 0 0
1 0 10.2 0.037960986 75.1566595364 0.0015349 1 0 0 0 0 0 0 0 0 0 0 0 0 0 0 0 1 0 0 0
1 1 17.2 0.0996055264 73.8765639033 0.0083002333 1 0 0 0 0 0 0 0 0 0 0 0 0 0 0 0 1 0 0 0
1 1 9.7 0.0401323967 98.8914755697 0.0051166 1 0 0 0 0 0 0 0 0 0 0 0 0 0 0 0 1 0 0 0
1 1 11.6 0.0292046589 92.0366985588 0.0023700667 1 0 0 0 0 0 0 0 0 0 0 0 0 0 0 0 1 0 0 0
1 0 11.5 0.0456542155 70.0852714483 0.0010140333 1 0 0 0 0 0 0 0 0 0 0 0 0 0 0 0 1 0 0 0
1 1 14.3 0.0836859895 59.6130466058 0.0067877333 1 0 0 0 0 0 0 0 0 0 0 0 0 0 0 0 1 0 0 0
1 1 17.4 0.2363335929 79.2630006926 0.0057382 1 0 0 0 0 0 0 0 0 0 0 0 0 0 0 0 1 0 0 0
1 0 28.8 0.0642275816 54.4998876589 0.0004239667 1 0 0 0 0 0 0 0 0 0 0 0 0 0 0 0 0 1 0 0
1 0 17.8 0.0495374184 58.1499508526 0.0010718333 1 0 0 0 0 0 0 0 0 0 0 0 0 0 0 0 0 1 0 0
1 0 17.8 0.0369731057 53.0458534325 0.0057095667 1 0 0 0 0 0 0 0 0 0 0 0 0 0 0 0 0 1 0 0
1 0 14 0.0686419568 73.6283410345 0.0135132333 1 0 0 0 0 0 0 0 0 0 0 0 0 0 0 0 0 1 0 0
1 0 26.8 0.0941374287 60.9516930394 0.0028052667 1 0 0 0 0 0 0 0 0 0 0 0 0 0 0 0 0 1 0 0
1 0 14.5 0.0565016231 67.1435265683 0.0010746 1 0 0 0 0 0 0 0 0 0 0 0 0 0 0 0 0 1 0 0
1 0 17.2 0.0982317629 45.1389168449 0.002688 1 0 0 0 0 0 0 0 0 0 0 0 0 0 0 0 0 1 0 0
1 0 14.7 0.0330170264 78.5843024765 0.0019221333 0 0 0 0 0 0 0 0 0 0 0 0 0 0 0 0 0 1 0 0
1 0 17.4 0.0761092163 59.6637347512 0.0060448667 0 0 0 0 0 0 0 0 0 0 0 0 0 0 0 0 0 1 0 0
1 0 13.1 0.0282157746 71.7431694905 0.0005538333 0 0 0 0 0 0 0 0 0 0 0 0 0 0 0 0 0 1 0 0
1 0 15.8 0.0308845662 66.229237375 0.0003014667 0 0 0 0 0 0 0 0 0 0 0 0 0 0 0 0 0 1 0 0
1 0 16.6 0.0491699635 55.6936160916 0.0008953333 0 0 0 0 0 0 0 0 0 0 0 0 0 0 0 0 0 1 0 0
1 0 15.2 0.1467522234 57.0520447896 0.0103904 0 0 0 0 0 0 0 0 0 0 0 0 0 0 0 0 0 1 0 0
1 1 16.6 0.0455395366 75.5295135332 0.0025975333 0 0 0 0 0 0 0 0 0 0 0 0 0 0 0 0 0 1 0 0
1 0 14.8 0.0509099466 56.0129265134 0.0009443 0 0 0 0 0 0 0 0 0 0 0 0 0 0 0 0 0 1 0 0
1 0 16.1 0.1439211985 53.2596984031 0.0079362333 0 0 0 0 0 0 0 0 0 0 0 0 0 0 0 0 0 1 0 0
1 0 14 0.174829261 51.4306194429 0.0019136667 0 0 0 0 0 0 0 0 0 0 0 0 0 0 0 0 0 1 0 0
1 0 13.2 0.0647173399 74.2245958546 0.0006970333 0 0 0 0 0 0 0 0 0 0 0 0 0 0 0 0 0 1 0 0
1 0 13.1 0.0991398265 53.0729968043 0.0010468 0 0 0 0 0 0 0 0 0 0 0 0 0 0 0 0 0 1 0 0
1 1 13.8 0.0441204956 67.3799239364 0.0003471333 1 0 0 0 0 0 0 0 0 0 0 0 0 0 0 0 0 1 0 0
1 0 17.6 0.0663202468 52.6429927438 0.0002484 1 0 0 0 0 0 0 0 0 0 0 0 0 0 0 0 0 1 0 0
1 0 14.8 0.0891071345 49.3371689214 0.0010014333 1 0 0 0 0 0 0 0 0 0 0 0 0 0 0 0 0 1 0 0
1 0 13.3 0.0314553557 67.2499235223 0.0004305333 1 0 0 0 0 0 0 0 0 0 0 0 0 0 0 0 0 1 0 0
1 0 14.9 0.0829508485 60.5010515962 0.0062167 1 0 0 0 0 0 0 0 0 0 0 0 0 0 0 0 0 1 0 0
1 0 15.8 0.0420940694 45.780950488 0.0007165 1 0 0 0 0 0 0 0 0 0 0 0 0 0 0 0 0 1 0 0
1 0 15.4 0.0620415079 55.718019475 0.0021534 1 0 0 0 0 0 0 0 0 0 0 0 0 0 0 0 0 1 0 0
1 0 17.9 0.0440236511 59.4571271418 0.0004137667 1 0 0 0 0 0 0 0 0 0 0 0 0 0 0 0 0 1 0 0
1 0 16.6 0.0387380752 46.579975485 0.0029728667 1 0 0 0 0 0 0 0 0 0 0 0 0 0 0 0 0 1 0 0
1 0 13.6 0.048578023 66.2442532171 0.0006325333 1 0 0 0 0 0 0 0 0 0 0 0 0 0 0 0 0 1 0 0
1 0 15.8 0.0253506991 48.9714432457 0.0001970667 1 0 0 0 0 0 0 0 0 0 0 0 0 0 0 0 0 1 0 0
1 0 15.5 0.0360184623 60.2389025981 0.0013428 1 0 0 0 0 0 0 0 0 0 0 0 0 0 0 0 0 1 0 0
1 0 18.7379 0.0310580935 73.4724188684 0.00025025 1 0 0 0 0 0 0 0 0 0 0 0 0 0 0 0 0 0 1 0
1 0 18.2615 0.0683380155 84.6278235696 0.000889625 1 0 0 0 0 0 0 0 0 0 0 0 0 0 0 0 0 0 1 0
1 0 16.104 0.1186204077 79.2782183138 0.0023087917 1 0 0 0 0 0 0 0 0 0 0 0 0 0 0 0 0 0 1 0
1 0 13.8097 0.0796027793 72.512650413 0.0007542917 1 0 0 0 0 0 0 0 0 0 0 0 0 0 0 0 0 0 1 0
1 0 14.9432 0.194546461 74.9373643541 0.0030441667 1 0 0 0 0 0 0 0 0 0 0 0 0 0 0 0 0 0 1 0
1 0 15.0253 0.1274173996 70.2624859039 0.005573625 1 0 0 0 0 0 0 0 0 0 0 0 0 0 0 0 0 0 1 0
1 0 22.601 0.0495815786 62.2325836098 0.0002845 1 0 0 0 0 0 0 0 0 0 0 0 0 0 0 0 0 0 1 0
1 0 23.948 0.080671606 70.8076851817 0.0003627917 1 0 0 0 0 0 0 0 0 0 0 0 0 0 0 0 0 0 1 0
1 0 27.5975 0.095667408 86.8653890079 0.00034675 1 0 0 0 0 0 0 0 0 0 0 0 0 0 0 0 0 0 1 0
1 0 26.8528 0.0743402567 69.9253896708 0.0001876667 1 0 0 0 0 0 0 0 0 0 0 0 0 0 0 0 0 0 1 0
1 0 17.0705 0.0769284358 68.34143207 0.0017842917 1 0 0 0 0 0 0 0 0 0 0 0 0 0 0 0 0 0 1 0
1 0 24.9884 0.1483963344 54.9693854927 0.000781875 1 0 0 0 0 0 0 0 0 0 0 0 0 0 0 0 0 0 1 0
1 0 18.1383 0.150502105 95.6809314882 0.0004622917 1 0 0 0 0 0 0 0 0 0 0 0 0 0 0 0 0 0 1 0
1 0 27.3238 0.0859718967 88.4474876386 0.0015765833 1 0 0 0 0 0 0 0 0 0 0 0 0 0 0 0 0 0 1 0
1 0 12.9391 0.1011782749 87.4113735054 0.001129625 1 0 0 0 0 0 0 0 0 0 0 0 0 0 0 0 0 0 1 0
1 0 10.4668 0.1660070315 123.5116100992 0.004046125 1 0 0 0 0 0 0 0 0 0 0 0 0 0 0 0 0 0 1 0
1 0 18.2177 0.0601189403 70.8175039703 0.000285375 1 0 0 0 0 0 0 0 0 0 0 0 0 0 0 0 0 0 1 0
1 0 31.2827 0.1292415613 70.173100966 0.0049363333 1 0 0 0 0 0 0 0 0 0 0 0 0 0 0 0 0 0 1 0
1 0 28.3669 0.150859668 87.8098298307 0.0011125833 1 0 0 0 0 0 0 0 0 0 0 0 0 0 0 0 0 0 1 0
1 0 39.2526 0.0550143492 87.2389231555 0.0004831667 1 0 0 0 0 0 0 0 0 0 0 0 0 0 0 0 0 0 1 0
1 0 19.7591 0.0985343787 59.9121432012 0.0034842083 1 0 0 0 0 0 0 0 0 0 0 0 0 0 0 0 0 0 1 0
1 0 39.3949 0.0234854158 76.3813511492 0.0002035833 1 0 0 0 0 0 0 0 0 0 0 0 0 0 0 0 0 0 1 0
1 0 28.5613 0.0649729744 74.7805050777 0.00037475 1 0 0 0 0 0 0 0 0 0 0 0 0 0 0 0 0 0 1 0
1 0 9.9165 0.234421601 119.8236057736 0.0032195833 1 0 0 0 0 0 0 0 0 0 0 0 0 0 0 0 0 0 1 0
1 0 20.1807 0.0873318274 70.9364069676 0.0026214583 0 0 0 0 0 0 0 0 0 0 0 0 0 0 0 0 0 0 1 0
1 0 29.0897 0.106432335 61.6732202596 0.0037363333 0 0 0 0 0 0 0 0 0 0 0 0 0 0 0 0 0 0 1 0
1 0 27.4114 0.0722461698 71.2469108492 0.000375125 0 0 0 0 0 0 0 0 0 0 0 0 0 0 0 0 0 0 1 0
1 0 21.4346 0.1782852714 73.1238121405 0.0027369583 0 0 0 0 0 0 0 0 0 0 0 0 0 0 0 0 0 0 1 0
1 0 23.5948 0.0530427604 58.8686317563 0.00028625 0 0 0 0 0 0 0 0 0 0 0 0 0 0 0 0 0 0 1 0
1 0 17.7878 0.1457578955 90.9373980365 0.0011871667 0 0 0 0 0 0 0 0 0 0 0 0 0 0 0 0 0 0 1 0
1 0 25.7972 0.1503148189 84.8313786366 0.00137775 0 0 0 0 0 0 0 0 0 0 0 0 0 0 0 0 0 0 1 0
1 0 25.4511 0.1305509396 75.0224561348 0.0034007917 0 0 0 0 0 0 0 0 0 0 0 0 0 0 0 0 0 0 1 0
1 0 19.6277 0.1991687796 86.1063056448 0.0016567917 0 0 0 0 0 0 0 0 0 0 0 0 0 0 0 0 0 0 1 0
1 0 26.9487 0.0378137092 67.3770468853 0.000236 0 0 0 0 0 0 0 0 0 0 0 0 0 0 0 0 0 0 1 0
1 0 32.5503 0.1216289097 73.7648948258 0.0002812083 0 0 0 0 0 0 0 0 0 0 0 0 0 0 0 0 0 0 1 0
1 0 35.7098 0.0802075766 56.0722661855 0.0006276667 0 0 0 0 0 0 0 0 0 0 0 0 0 0 0 0 0 0 1 0
1 0 37.7769 0.0926231899 68.7882488074 0.0016204167 0 0 0 0 0 0 0 0 0 0 0 0 0 0 0 0 0 0 1 0
1 0 24.3231 0.1555469866 64.5223459627 0.0019677083 0 0 0 0 0 0 0 0 0 0 0 0 0 0 0 0 0 0 1 0
1 0 34.4613 0.0811936568 69.4868539685 0.0019235417 0 0 0 0 0 0 0 0 0 0 0 0 0 0 0 0 0 0 1 0
1 0 21.1307 0.0675583033 56.0946302538 0.00031375 0 0 0 0 0 0 0 0 0 0 0 0 0 0 0 0 0 0 1 0
1 0 25.4346 0.0570515109 79.6290742223 0.0005268333 0 0 0 0 0 0 0 0 0 0 0 0 0 0 0 0 0 0 1 0
1 0 17.2375 0.0273322966 56.921297773 0.0003164167 0 0 0 0 0 0 0 0 0 0 0 0 0 0 0 0 0 0 1 0
1 0 17.7057 0.2066180459 97.1538113757 0.0062583333 0 0 0 0 0 0 0 0 0 0 0 0 0 0 0 0 0 0 1 0
1 0 32.9582 0.105970921 70.9121028426 0.00056 0 0 0 0 0 0 0 0 0 0 0 0 0 0 0 0 0 0 1 0
1 0 28.6708 0.0761441761 96.4696578749 0.003981875 0 0 0 0 0 0 0 0 0 0 0 0 0 0 0 0 0 0 1 0
1 0 17.6454 0.1587565353 58.7140815195 0.0017445417 0 0 0 0 0 0 0 0 0 0 0 0 0 0 0 0 0 0 1 0
1 0 33.1828 0.0197420111 78.8149016625 0.0002182917 0 0 0 0 0 0 0 0 0 0 0 0 0 0 0 0 0 0 1 0
1 0 28.1095 0.1511053828 103.6649234339 0.0015980833 0 0 0 0 0 0 0 0 0 0 0 0 0 0 0 0 0 0 1 0
1 0 16.3833 0.2435837023 66.0058264858 0.0038557083 0 0 0 0 0 0 0 0 0 0 0 0 0 0 0 0 0 0 1 0
1 0 21.4018 0.0534467571 60.7870469969 0.000354625 0 0 0 0 0 0 0 0 0 0 0 0 0 0 0 0 0 0 1 0
1 0 15.8522 0.080832787 97.6929803481 0.000853125 0 0 0 0 0 0 0 0 0 0 0 0 0 0 0 0 0 0 1 0
1 0 17.1143 0.0282450578 69.980971734 0.0003006667 0 0 0 0 0 0 0 0 0 0 0 0 0 0 0 0 0 0 1 0
1 0 18.6585 0.0481580788 75.3351639896 0.002815625 0 0 0 0 0 0 0 0 0 0 0 0 0 0 0 0 0 0 1 0
1 0 16.3778 0.0935523269 68.0129918046 0.00090275 0 0 0 0 0 0 0 0 0 0 0 0 0 0 0 0 0 0 1 0
1 0 17.6728 0.130233037 102.1832868111 0.0054261667 0 0 0 0 0 0 0 0 0 0 0 0 0 0 0 0 0 0 1 0
1 0 18.4175 0.1482480683 107.4081948993 0.0043940417 0 0 0 0 0 0 0 0 0 0 0 0 0 0 0 0 0 0 1 0
1 0 17.3251 0.2149824053 67.6102352708 0.00629475 0 0 0 0 0 0 0 0 0 0 0 0 0 0 0 0 0 0 1 0
1 0 12.334 0.1060215143 99.3890137663 0.0042947083 0 0 0 0 0 0 0 0 0 0 0 0 0 0 0 0 0 0 1 0
1 0 32.8487 0.0398394935 73.9957341522 0.0005844167 0 0 0 0 0 0 0 0 0 0 0 0 0 0 0 0 0 0 1 0
1 0 50.2231 0.0584699269 85.540892859 0.0049665678 0 0 0 0 0 0 0 0 0 0 0 0 0 0 0 0 0 0 1 0
1 0 18.4148 0.0349814806 71.0338259826 0.0001820833 0 0 0 0 0 0 0 0 0 0 0 0 0 0 0 0 0 0 1 0
1 0 11.3539 0.0551193615 128.6273829613 0.0028965833 0 0 0 0 0 0 0 0 0 0 0 0 0 0 0 0 0 0 1 0
1 0 42.3354 0.1310975793 86.1335810914 0.0005717083 0 0 0 0 0 0 0 0 0 0 0 0 0 0 0 0 0 0 1 0
1 0 18.245 0.175960779 83.7590977656 0.0131823333 0 0 0 0 0 0 0 0 0 0 0 0 0 0 0 0 0 0 1 0
1 0 16.9199 0.1226356333 89.9329130897 0.0023459167 0 0 0 0 0 0 0 0 0 0 0 0 0 0 0 0 0 0 1 0
1 0 15.92 0.0320955772 57.1899806913 0.01150995 1 0 0 0 0 0 0 0 0 0 0 0 0 0 0 0 0 0 0 1
1 0 12.75 0.0455722445 72.2048931864 0.01464225 1 0 0 0 0 0 0 0 0 0 0 0 0 0 0 0 0 0 0 1
1 0 9.75 0.0997381698 132.0050206783 0.0109965 1 0 0 0 0 0 0 0 0 0 0 0 0 0 0 0 0 0 0 1
1 0 8.67 0.0399371313 120.9252188815 0.0092823 1 0 0 0 0 0 0 0 0 0 0 0 0 0 0 0 0 0 0 1
1 1 14.42 0.0480979704 72.0965342178 0.01348895 1 0 0 0 0 0 0 0 0 0 0 0 0 0 0 0 0 0 0 1
1 0 10.67 0.0480391168 111.2033117324 0.0116293 1 0 0 0 0 0 0 0 0 0 0 0 0 0 0 0 0 0 0 1
1 1 14.25 0.1063706372 106.5497206384 0.02234405 1 0 0 0 0 0 0 0 0 0 0 0 0 0 0 0 0 0 0 1
1 1 13.75 0.071496545 103.4449071983 0.0139996 1 0 0 0 0 0 0 0 0 0 0 0 0 0 0 0 0 0 0 1
1 0 12.25 0.196663453 87.1861139772 0.02063265 1 0 0 0 0 0 0 0 0 0 0 0 0 0 0 0 0 0 0 1
1 0 9.25 0.0862808196 133.7455123206 0.01927935 1 0 0 0 0 0 0 0 0 0 0 0 0 0 0 0 0 0 0 1
1 0 13.33 0.0808278749 109.439984518 0.0129507 1 0 0 0 0 0 0 0 0 0 0 0 0 0 0 0 0 0 0 1
1 0 10.83 0.1914547145 104.6548373051 0.02991885 1 0 0 0 0 0 0 0 0 0 0 0 0 0 0 0 0 0 0 1
1 1 13.92 0.14038707 73.7959008904 0.01088455 1 0 0 0 0 0 0 0 0 0 0 0 0 0 0 0 0 0 0 1
1 0 7.66 0.0890012658 132.4345359238 0.01142065 1 0 0 0 0 0 0 0 0 0 0 0 0 0 0 0 0 0 0 1
1 0 9.66 0.0463245375 103.2244391241 0.01093865 1 0 0 0 0 0 0 0 0 0 0 0 0 0 0 0 0 0 0 1
1 0 17.83 0.0800885234 44.3161648107 0.0151032 1 0 0 0 0 0 0 0 0 0 0 0 0 0 0 0 0 0 0 1
1 0 13.92 0.0432779547 33.8365129373 0.0111496 1 0 0 0 0 0 0 0 0 0 0 0 0 0 0 0 0 0 0 1
1 1 16.66 0.0494370267 89.9788995225 0.0120655 1 0 0 0 0 0 0 0 0 0 0 0 0 0 0 0 0 0 0 1
1 0 16.66 0.0379394229 44.0683216778 0.0104018 1 0 0 0 0 0 0 0 0 0 0 0 0 0 0 0 0 0 0 1
1 0 11 0.1342373445 107.1642698904 0.01031225 1 0 0 0 0 0 0 0 0 0 0 0 0 0 0 0 0 0 0 1
1 1 15.75 0.0526526435 84.5103399711 0.01280405 1 0 0 0 0 0 0 0 0 0 0 0 0 0 0 0 0 0 0 1
1 0 14.17 0.0884449242 84.9329316232 0.0264125 1 0 0 0 0 0 0 0 0 0 0 0 0 0 0 0 0 0 0 1
1 0 10.92 0.0674028787 102.810475553 0.01528545 1 0 0 0 0 0 0 0 0 0 0 0 0 0 0 0 0 0 0 1
1 0 14 0.0804537174 75.782515189 0.01935685 1 0 0 0 0 0 0 0 0 0 0 0 0 0 0 0 0 0 0 1
1 1 8.42 0.0535493884 165.1863643582 0.0116492 1 0 0 0 0 0 0 0 0 0 0 0 0 0 0 0 0 0 0 1
1 0 15.25 0.103317241 45.0788121365 0.00962845 1 0 0 0 0 0 0 0 0 0 0 0 0 0 0 0 0 0 0 1
1 0 12.33 0.2073431776 125.7792687549 0.01704785 1 0 0 0 0 0 0 0 0 0 0 0 0 0 0 0 0 0 0 1
1 0 14.33 0.1318088611 48.4836798537 0.01385975 0 0 0 0 0 0 0 0 0 0 0 0 0 0 0 0 0 0 0 1
1 0 10 0.2073431776 125.7792687549 0.01704785 0 0 0 0 0 0 0 0 0 0 0 0 0 0 0 0 0 0 0 1
1 0 13.25 0.0616755671 80.2198591045 0.0243259 0 0 0 0 0 0 0 0 0 0 0 0 0 0 0 0 0 0 0 1
1 1 14.42 0.0662740888 104.6424667451 0.01105735 0 0 0 0 0 0 0 0 0 0 0 0 0 0 0 0 0 0 0 1
1 0 16 0.0473405528 50.3560281465 0.01099615 0 0 0 0 0 0 0 0 0 0 0 0 0 0 0 0 0 0 0 1
1 0 16.42 0.0533270261 63.3352012215 0.01073845 0 0 0 0 0 0 0 0 0 0 0 0 0 0 0 0 0 0 0 1
1 0 17.17 0.0835456866 50.9909748153 0.00303635 0 0 0 0 0 0 0 0 0 0 0 0 0 0 0 0 0 0 0 1
1 0 16.58 0.2181858776 65.8169113395 0.0193376 0 0 0 0 0 0 0 0 0 0 0 0 0 0 0 0 0 0 0 1
1 0 8.92 0.1275945616 145.1122847055 0.01307395 0 0 0 0 0 0 0 0 0 0 0 0 0 0 0 0 0 0 0 1
1 0 11.92 0.0848617287 83.6755135586 0.01010355 0 0 0 0 0 0 0 0 0 0 0 0 0 0 0 0 0 0 0 1
1 0 11.83 0.0817681508 84.2987228954 0.01235425 0 0 0 0 0 0 0 0 0 0 0 0 0 0 0 0 0 0 0 1
1 0 12.5 0.0542915287 86.7638479005 0.01115055 0 0 0 0 0 0 0 0 0 0 0 0 0 0 0 0 0 0 0 1
1 0 17.75 0.0958783721 55.8088149559 0.01060305 0 0 0 0 0 0 0 0 0 0 0 0 0 0 0 0 0 0 0 1
1 0 11.83 0.1329397552 96.3796446501 0.0152272 0 0 0 0 0 0 0 0 0 0 0 0 0 0 0 0 0 0 0 1
1 0 7.25 0.0885161536 141.0547126506 0.01361495 0 0 0 0 0 0 0 0 0 0 0 0 0 0 0 0 0 0 0 1
1 1 16.5 0.0925469737 83.4929039477 0.01462005 0 0 0 0 0 0 0 0 0 0 0 0 0 0 0 0 0 0 0 1
1 1 12.75 0.1210282183 120.3321962687 0.01150055 0 0 0 0 0 0 0 0 0 0 0 0 0 0 0 0 0 0 0 1
1 1 16.58 0.0844469983 79.9228640759 0.0101365 0 0 0 0 0 0 0 0 0 0 0 0 0 0 0 0 0 0 0 1
1 1 13.66 0.0344408031 55.7982005177 0.01103805 0 0 0 0 0 0 0 0 0 0 0 0 0 0 0 0 0 0 0 1
1 1 11.08 0.1947619549 99.2377540397 0.0107929 0 0 0 0 0 0 0 0 0 0 0 0 0 0 0 0 0 0 0 1
1 0 7 0.0305591897 144.5778068051 0.0112324 0 0 0 0 0 0 0 0 0 0 0 0 0 0 0 0 0 0 0 1
1 0 11.08 0.1829297784 99.5111303638 0.03159565 0 0 0 0 0 0 0 0 0 0 0 0 0 0 0 0 0 0 0 1
1 1 9.5 0.0784297766 137.4223988574 0.0108172 0 0 0 0 0 0 0 0 0 0 0 0 0 0 0 0 0 0 0 1
1 0 14.42 0.0636405678 72.2186056702 0.0110163 0 0 0 0 0 0 0 0 0 0 0 0 0 0 0 0 0 0 0 1
